-1.034610718488693237e-01
1.091162711381912231e-01
1.839366182684898376e-02
1.298530772328376770e-02
-1.032499521970748901e-01
7.332427054643630981e-02
-3.563037514686584473e-02
-1.802492886781692505e-02
2.128392904996871948e-01
-8.316744118928909302e-02
2.384052723646163940e-01
4.283278435468673706e-02
-2.763372957706451416e-01
-4.752160981297492981e-02
5.154475942254066467e-02
1.641749590635299683e-01
-9.462990611791610718e-02
-1.452807486057281494e-01
-9.466081112623214722e-02
-3.909845650196075439e-02
1.159243062138557434e-01
1.029435172677040100e-01
-2.100950106978416443e-02
9.763193130493164062e-02
-1.693429350852966309e-01
-3.252493143081665039e-01
-4.824991524219512939e-02
-9.184259921312332153e-02
2.507230080664157867e-02
-1.465986669063568115e-01
-5.621772259473800659e-02
1.534000877290964127e-02
-1.386734098196029663e-01
1.360850874334573746e-02
2.764651551842689514e-02
4.582804813981056213e-02
-1.468801312148571014e-02
-8.119199424982070923e-02
2.439570575952529907e-01
7.497960701584815979e-03
-2.721779346466064453e-01
3.040352277457714081e-02
5.464617162942886353e-02
2.230324149131774902e-01
1.910909712314605713e-01
-3.418793901801109314e-02
4.092537984251976013e-02
-6.250072270631790161e-02
1.787360161542892456e-01
-2.344391793012619019e-01
7.806678116321563721e-02
1.605299860239028931e-01
1.820618510246276855e-01
3.068058937788009644e-02
5.623528733849525452e-02
-1.532431095838546753e-01
-5.212681740522384644e-02
1.530065387487411499e-01
-2.432134896516799927e-01
9.139773994684219360e-02
3.313276171684265137e-02
-1.428829133510589600e-01
-5.889392644166946411e-02
-5.576194077730178833e-02
8.888125419616699219e-02
7.400371879339218140e-02
-1.094994693994522095e-01
-2.464634031057357788e-01
1.529363244771957397e-01
-2.272966951131820679e-01
-1.069299578666687012e-01
1.478908956050872803e-01
-1.229013055562973022e-01
-2.266670763492584229e-01
-3.444711267948150635e-01
2.899020910263061523e-02
3.702985644340515137e-01
7.246731966733932495e-02
-1.977773159742355347e-01
8.402169495820999146e-02
4.526825249195098877e-02
-1.114213466644287109e-01
-2.566374838352203369e-02
1.373130530118942261e-01
-2.460246719419956207e-02
-6.013186275959014893e-02
-1.158219128847122192e-01
4.921658337116241455e-02
3.172932565212249756e-01
7.302153855562210083e-03
2.933470904827117920e-02
2.652739286422729492e-01
4.393409192562103271e-02
5.569838918745517731e-03
9.430906735360622406e-03
1.306243240833282471e-01
-4.845897853374481201e-02
-4.708756878972053528e-02
-4.717571288347244263e-02
4.615300893783569336e-02
-4.684542864561080933e-02
-1.119772121310234070e-01
-5.661488696932792664e-02
5.812991783022880554e-02
-2.518060803413391113e-01
2.109992951154708862e-01
-3.689377009868621826e-02
-1.889562420547008514e-02
-5.755508691072463989e-02
-3.071451373398303986e-02
-1.317725479602813721e-01
3.202510625123977661e-02
1.828944832086563110e-01
-2.529157400131225586e-01
1.732374727725982666e-01
1.438692808151245117e-01
1.084299087524414062e-01
1.085265129804611206e-01
1.289605535566806793e-02
4.737572371959686279e-02
3.626542538404464722e-02
-4.865684732794761658e-02
-2.689104974269866943e-01
-1.189251244068145752e-01
5.354088544845581055e-02
-1.345470994710922241e-01
1.894108764827251434e-02
6.566689908504486084e-02
