-1.152376234531402588e-01
5.036572739481925964e-02
-6.074038892984390259e-02
-5.083036795258522034e-02
-6.188396736979484558e-02
2.354953624308109283e-02
6.968248635530471802e-02
-8.923483639955520630e-02
2.388840168714523315e-01
-8.867584168910980225e-02
2.131552398204803467e-01
1.614575088024139404e-02
-1.976445466279983521e-01
-7.840474694967269897e-02
-1.749811507761478424e-02
6.600205600261688232e-02
-1.618604063987731934e-01
-1.642761677503585815e-01
-5.012961477041244507e-02
3.761192411184310913e-02
8.587072789669036865e-02
-7.548340409994125366e-02
6.912159919738769531e-02
9.747318923473358154e-02
-2.146636992692947388e-01
-3.184663951396942139e-01
-1.242496967315673828e-01
-6.700658053159713745e-02
1.244060993194580078e-01
-8.040104806423187256e-02
-3.246892616152763367e-02
4.728273302316665649e-02
-2.227607071399688721e-01
-6.253837794065475464e-02
-2.261874824762344360e-02
5.509655177593231201e-02
-4.695129394531250000e-02
-1.828755438327789307e-02
2.043337225914001465e-01
1.551777869462966919e-02
-2.486356794834136963e-01
-3.546296060085296631e-02
-4.534676298499107361e-02
2.746618092060089111e-01
2.102152109146118164e-01
6.201710551977157593e-02
4.058948531746864319e-02
-1.036980077624320984e-01
6.499868631362915039e-02
-2.959340214729309082e-01
8.710470050573348999e-02
1.285134851932525635e-01
1.009040996432304382e-01
1.916150376200675964e-02
5.215475708246231079e-02
-1.287808567285537720e-01
2.226547896862030029e-02
9.197199344635009766e-02
-1.788829565048217773e-01
3.484709933400154114e-02
2.440304681658744812e-02
-9.696582332253456116e-03
6.185005232691764832e-02
-1.675473153591156006e-02
1.782231330871582031e-01
1.029495298862457275e-01
-9.057391434907913208e-02
-1.446871161460876465e-01
1.491127908229827881e-01
-2.259408384561538696e-01
-1.868128217756748199e-02
1.367736607789993286e-01
-5.332373082637786865e-02
-2.438011914491653442e-01
-3.470627665519714355e-01
4.185122437775135040e-03
4.441686570644378662e-01
2.435040771961212158e-01
-1.111897900700569153e-01
5.306041240692138672e-02
-9.828563034534454346e-02
1.246568188071250916e-02
1.307886838912963867e-01
6.501686573028564453e-02
-1.515916287899017334e-01
5.235118418931961060e-02
-1.588230133056640625e-01
4.680410027503967285e-02
1.999071538448333740e-01
-1.771336421370506287e-03
-9.828297048807144165e-02
1.960378289222717285e-01
2.737413160502910614e-02
5.990404635667800903e-02
6.370829045772552490e-02
9.217917919158935547e-02
-8.063002675771713257e-02
3.644202649593353271e-02
-1.133131459355354309e-01
1.111303083598613739e-02
4.836867749691009521e-02
3.220914676785469055e-02
5.405992269515991211e-02
1.697387397289276123e-01
-1.320799291133880615e-01
1.694938242435455322e-01
-4.658377170562744141e-02
-2.847717702388763428e-02
-2.660315483808517456e-02
4.676878452301025391e-03
-1.100049689412117004e-01
-3.958752006292343140e-02
5.388919264078140259e-02
-3.145973682403564453e-01
1.156219914555549622e-01
1.637724488973617554e-01
-1.671044155955314636e-02
1.253481060266494751e-01
9.123553335666656494e-02
1.657856814563274384e-02
-9.447647258639335632e-03
-5.917929112911224365e-03
-1.559356749057769775e-01
-1.300015486776828766e-02
7.945147156715393066e-02
-6.600032746791839600e-02
1.332842111587524414e-01
-8.224242366850376129e-03
