-5.240819975733757019e-02
1.688467711210250854e-02
2.354549244046211243e-02
-1.368483603000640869e-01
-1.082094982266426086e-01
4.038976505398750305e-03
-9.805409610271453857e-02
-1.540099084377288818e-01
1.595751345157623291e-01
-4.661887511610984802e-02
2.770301103591918945e-01
9.757772088050842285e-03
-1.964789927005767822e-01
-8.167608082294464111e-02
-7.454816997051239014e-02
1.242767870426177979e-01
-1.020559743046760559e-01
-1.274932920932769775e-01
-2.636199072003364563e-02
2.259697765111923218e-03
1.290153339505195618e-02
-1.458186656236648560e-02
-5.495045706629753113e-02
6.299313902854919434e-02
-1.414692103862762451e-01
-2.922799289226531982e-01
-1.023452728986740112e-01
-4.985383152961730957e-02
-2.030282281339168549e-02
-9.761413931846618652e-02
-5.721029825508594513e-03
4.141287878155708313e-02
-2.179255485534667969e-01
-7.643679529428482056e-02
6.740866601467132568e-02
1.568198800086975098e-01
-1.311666965484619141e-01
-5.639960616827011108e-02
2.018089294433593750e-01
1.061148345470428467e-01
-1.083354577422142029e-01
7.470737397670745850e-02
-5.169682204723358154e-03
2.792061269283294678e-01
1.769482791423797607e-01
2.852619253098964691e-02
3.398071974515914917e-02
-1.154837459325790405e-01
1.497408598661422729e-01
-2.610809803009033203e-01
1.479984670877456665e-01
1.652026176452636719e-01
2.152048945426940918e-01
8.120445907115936279e-02
2.990560233592987061e-02
-1.231082156300544739e-01
5.526778846979141235e-02
2.146351933479309082e-01
-2.921018302440643311e-01
7.155418395996093750e-02
9.819885343313217163e-02
-8.834855258464813232e-02
-5.970256030559539795e-02
-7.576195895671844482e-02
1.903820633888244629e-01
1.436056494712829590e-01
-1.497199684381484985e-01
-1.037814989686012268e-01
1.682229787111282349e-01
-6.874737143516540527e-02
-7.351157814264297485e-02
-2.912953123450279236e-02
-1.169477701187133789e-01
-2.275015860795974731e-01
-3.143379986286163330e-01
1.270956248044967651e-01
3.249282836914062500e-01
1.791105270385742188e-01
-2.907077968120574951e-01
-2.631609141826629639e-02
-7.556782662868499756e-02
1.652115769684314728e-02
2.719035744667053223e-02
-1.616670191287994385e-02
-5.471667274832725525e-03
-9.485550224781036377e-02
-8.091398328542709351e-02
-4.936353862285614014e-02
1.422918289899826050e-01
-1.337052695453166962e-02
2.091051265597343445e-02
2.162126302719116211e-01
2.410602197051048279e-02
4.313494544476270676e-03
3.949469327926635742e-02
5.847141146659851074e-02
-1.376037001609802246e-01
3.517329692840576172e-03
-1.411562561988830566e-01
-2.038060873746871948e-02
-7.291498780250549316e-02
-2.612385712563991547e-02
4.180141165852546692e-02
1.107977628707885742e-01
-1.937040239572525024e-01
2.520500719547271729e-01
1.580913551151752472e-02
-8.439040929079055786e-02
-1.504510082304477692e-02
-5.662925541400909424e-02
-1.094246879220008850e-01
-9.301685541868209839e-02
1.411014050245285034e-01
-2.966876029968261719e-01
2.204987555742263794e-01
1.388938724994659424e-01
1.108170971274375916e-01
1.812690645456314087e-01
8.969610929489135742e-02
5.574595555663108826e-02
-1.149791199713945389e-02
-2.987401932477951050e-02
-1.503027081489562988e-01
-8.814300596714019775e-02
1.990807615220546722e-02
-2.269765362143516541e-03
2.766551822423934937e-02
4.986058175563812256e-02
