-6.707093864679336548e-02
1.243513971567153931e-01
7.400634884834289551e-02
-5.735847726464271545e-02
-2.034668773412704468e-01
7.138898596167564392e-03
-5.260271206498146057e-02
-1.343449652194976807e-01
1.893396675586700439e-01
-1.223284751176834106e-01
3.246513009071350098e-01
-6.465627253055572510e-02
-2.416239827871322632e-01
3.391217440366744995e-02
1.287829130887985229e-03
1.232378706336021423e-01
-1.381054222583770752e-01
-1.365183442831039429e-01
-6.167492270469665527e-02
-1.026653870940208435e-01
1.012384146451950073e-02
4.629055783152580261e-02
-5.813637748360633850e-02
-4.893206059932708740e-04
-1.451218128204345703e-01
-2.851244509220123291e-01
-6.763062626123428345e-02
-1.210895329713821411e-01
7.882484793663024902e-02
-1.683937907218933105e-01
6.607253104448318481e-02
-2.442262135446071625e-03
-1.443291455507278442e-01
-1.246751472353935242e-02
4.043435305356979370e-02
1.852116361260414124e-02
-1.045917421579360962e-01
-9.807457029819488525e-02
1.966509521007537842e-01
-5.432112514972686768e-02
-2.198023498058319092e-01
-2.882157638669013977e-02
4.823619499802589417e-02
1.867439597845077515e-01
6.921916455030441284e-02
5.163893103599548340e-03
4.493638873100280762e-02
-1.216632127761840820e-01
1.099040582776069641e-01
-2.357384264469146729e-01
1.023063063621520996e-01
1.252012848854064941e-01
1.370335519313812256e-01
3.973451256752014160e-02
7.370410114526748657e-02
-1.701707541942596436e-01
-1.424398645758628845e-02
1.775607466697692871e-01
-2.515225708484649658e-01
1.159225329756736755e-01
1.799143850803375244e-01
-1.267883367836475372e-02
-8.429292589426040649e-02
-3.319735080003738403e-02
2.000584304332733154e-01
1.456638574600219727e-01
-1.352431476116180420e-01
-1.557037681341171265e-01
1.469918489456176758e-01
-1.428389400243759155e-01
-1.178183108568191528e-01
1.555688977241516113e-01
-9.139339625835418701e-02
-2.368748784065246582e-01
-2.515618801116943359e-01
2.833702787756919861e-02
4.943639338016510010e-01
9.103149175643920898e-02
-1.529045850038528442e-01
-7.543967664241790771e-02
1.133602298796176910e-02
-5.858892202377319336e-02
2.586171962320804596e-02
5.965847522020339966e-02
-8.683654665946960449e-02
-7.444810867309570312e-02
-7.156869769096374512e-02
8.154211938381195068e-02
2.383680790662765503e-01
-1.320938207209110260e-02
-4.262521862983703613e-02
2.071153670549392700e-01
-3.065608441829681396e-03
2.111149765551090240e-02
-5.636344850063323975e-02
9.933316707611083984e-02
-7.430188357830047607e-02
-4.804644361138343811e-02
-4.909191280603408813e-02
-4.580396413803100586e-02
3.563356772065162659e-02
-1.052998751401901245e-02
-6.553594022989273071e-02
1.353518366813659668e-01
-1.875391751527786255e-01
2.476133704185485840e-01
-1.657960377633571625e-02
-5.006258934736251831e-02
-6.540749222040176392e-02
-1.925740763545036316e-02
-2.083870023488998413e-02
5.272406339645385742e-02
1.996479481458663940e-01
-2.597103416919708252e-01
1.887743771076202393e-01
1.328173428773880005e-01
1.051034256815910339e-01
1.111855506896972656e-01
1.244978792965412140e-02
-5.710841342806816101e-02
6.311145424842834473e-02
-1.071147099137306213e-01
-2.542727589607238770e-01
-1.221123859286308289e-01
-1.043454185128211975e-02
-1.219379007816314697e-01
3.806358203291893005e-02
1.584948599338531494e-02
