-1.234370246529579163e-01
6.889032572507858276e-02
7.952520251274108887e-02
-3.464327752590179443e-02
-1.599035263061523438e-01
1.815174520015716553e-02
-6.296749413013458252e-02
-7.649093866348266602e-02
1.158089116215705872e-01
-8.564658463001251221e-02
2.614034712314605713e-01
-1.313903033733367920e-01
-2.582000195980072021e-01
8.097430691123008728e-03
-8.117604255676269531e-02
2.329366803169250488e-01
-1.470418721437454224e-01
-1.150044053792953491e-01
-2.151452936232089996e-03
-9.958587586879730225e-03
9.363615512847900391e-02
3.499852120876312256e-02
-5.038744211196899414e-02
2.736343443393707275e-02
-1.352950930595397949e-01
-3.762694597244262695e-01
-4.087947309017181396e-02
-3.944135457277297974e-02
-7.460933178663253784e-02
-8.353675901889801025e-02
-3.602740541100502014e-02
1.330960988998413086e-01
-1.665468513965606689e-01
-6.728291511535644531e-03
5.284637212753295898e-02
7.705081999301910400e-02
6.044130772352218628e-03
-6.868487596511840820e-02
1.957493722438812256e-01
1.976971328258514404e-02
-2.715511918067932129e-01
-9.323684498667716980e-03
9.953647851943969727e-02
2.623151838779449463e-01
1.243217661976814270e-01
3.312782198190689087e-02
-9.255036711692810059e-04
-1.268147379159927368e-01
9.631296247243881226e-02
-2.118656635284423828e-01
1.660168729722499847e-02
1.254409253597259521e-01
3.978636860847473145e-02
3.627280145883560181e-02
-2.694078721106052399e-03
-1.989943832159042358e-01
-3.857504576444625854e-03
6.825210899114608765e-02
-1.167996227741241455e-01
4.524777643382549286e-03
8.004198968410491943e-02
-1.187095716595649719e-01
1.196461357176303864e-02
-1.439119428396224976e-01
2.186638563871383667e-01
5.020650476217269897e-02
-1.019580662250518799e-01
-1.022482216358184814e-01
1.750203669071197510e-01
-6.166174635291099548e-02
-4.170551896095275879e-02
8.046245574951171875e-02
-1.546155214309692383e-01
-2.093726098537445068e-01
-3.177106380462646484e-01
-1.634618267416954041e-02
4.235338866710662842e-01
7.269158959388732910e-02
-2.502590417861938477e-01
-4.981862753629684448e-02
-1.144038513302803040e-03
-7.774280384182929993e-03
1.674081534147262573e-01
1.763065308332443237e-01
7.047672569751739502e-02
-3.320945054292678833e-02
-9.816899895668029785e-02
1.085542142391204834e-02
2.814807891845703125e-01
-7.254812866449356079e-02
-2.741824649274349213e-02
2.111497521400451660e-01
3.044014051556587219e-02
3.819777444005012512e-02
1.077936403453350067e-02
9.123999625444412231e-02
-7.398431003093719482e-02
8.503720164299011230e-05
-1.565591394901275635e-01
-6.895363330841064453e-04
-4.356368631124496460e-02
-3.071657940745353699e-02
-5.266708135604858398e-02
1.664909124374389648e-01
-1.753634214401245117e-01
1.135558038949966431e-01
3.820638358592987061e-02
-1.978089101612567902e-02
-4.820851609110832214e-02
-4.264596849679946899e-03
-3.530590236186981201e-02
-4.130997881293296814e-02
1.249664723873138428e-01
-2.037538588047027588e-01
1.271771043539047241e-01
1.624708622694015503e-01
5.084593594074249268e-02
1.574868857860565186e-01
4.470954462885856628e-02
8.244606852531433105e-02
-2.983352169394493103e-02
-7.051971554756164551e-02
-2.239727079868316650e-01
-5.233608186244964600e-02
6.330627202987670898e-02
-1.994375325739383698e-02
3.828763216733932495e-02
2.232672460377216339e-02
