-2.211448736488819122e-02
1.273770444095134735e-02
3.391938656568527222e-02
-8.491048216819763184e-02
-1.463298350572586060e-01
-2.113799192011356354e-02
-1.952973753213882446e-02
-6.320196390151977539e-02
2.485477179288864136e-01
-2.165994048118591309e-01
1.098775714635848999e-01
2.031194046139717102e-02
-2.735905647277832031e-01
2.037340775132179260e-03
-9.352615475654602051e-02
1.754382848739624023e-01
-1.242580115795135498e-01
-2.188977599143981934e-01
-9.337118268013000488e-02
-1.424263268709182739e-01
1.664913818240165710e-02
1.211574077606201172e-01
6.172608956694602966e-02
6.872814893722534180e-02
-1.970172226428985596e-01
-2.478940039873123169e-01
-1.876870729029178619e-02
-1.154742240905761719e-01
-7.178181409835815430e-02
-8.290950953960418701e-02
3.823011741042137146e-02
1.467183530330657959e-01
-1.080748438835144043e-01
5.066085979342460632e-02
6.282056868076324463e-02
5.796478688716888428e-02
-5.652041174471378326e-03
-1.280592828989028931e-01
2.845302522182464600e-01
8.181709051132202148e-02
-2.210014462471008301e-01
-4.223439469933509827e-02
1.479348540306091309e-02
2.572295367717742920e-01
2.149683684110641479e-01
-3.739975392818450928e-02
2.334247715771198273e-02
-1.573933809995651245e-01
1.983952075242996216e-01
-4.013278782367706299e-01
7.723610103130340576e-02
1.490346193313598633e-01
4.889477789402008057e-02
-1.257643662393093109e-02
1.655641347169876099e-01
-1.788667440414428711e-01
1.108564995229244232e-02
2.043136805295944214e-01
-1.913628578186035156e-01
1.182998120784759521e-01
-2.842668443918228149e-03
-1.294982582330703735e-01
-1.980084739625453949e-02
-1.275984644889831543e-01
2.529360949993133545e-01
7.552909106016159058e-02
-1.578997671604156494e-01
-5.954618752002716064e-02
2.957195639610290527e-01
-1.871623694896697998e-01
-9.637089073657989502e-02
1.415252089500427246e-01
-6.107303127646446228e-02
-2.267649471759796143e-01
-2.216748148202896118e-01
-2.111479640007019043e-02
4.138910174369812012e-01
2.550687193870544434e-01
-1.859355419874191284e-01
5.441512912511825562e-02
-7.673799991607666016e-02
-3.864068537950515747e-03
2.547138556838035583e-02
1.652030795812606812e-01
-3.075006231665611267e-02
-1.062686443328857422e-01
-7.305715978145599365e-02
-3.732775151729583740e-02
2.811586558818817139e-01
-1.020976342260837555e-03
-7.382485270500183105e-02
3.291617333889007568e-01
2.864784747362136841e-02
-3.528688102960586548e-03
4.548086784780025482e-03
-2.015196532011032104e-02
-1.299349367618560791e-01
-4.741048812866210938e-02
-1.246640682220458984e-01
-4.030525684356689453e-02
-1.164840813726186752e-02
-8.378245681524276733e-02
-3.517704084515571594e-02
1.203276813030242920e-01
-1.834149807691574097e-01
1.209270209074020386e-01
-1.210057213902473450e-01
-9.700538218021392822e-02
-2.234448678791522980e-02
-4.463933408260345459e-02
-5.660608410835266113e-02
7.471868768334388733e-03
1.832581907510757446e-01
-2.857198715209960938e-01
1.463469564914703369e-01
1.236561685800552368e-01
8.075481653213500977e-02
2.268648743629455566e-01
3.063205815851688385e-02
8.261217176914215088e-02
3.996371477842330933e-02
-1.223067194223403931e-01
-1.901336312294006348e-01
-1.089905425906181335e-01
6.820636987686157227e-02
-7.156921923160552979e-02
4.825430363416671753e-02
6.800236552953720093e-02
