-8.589744567871093750e-02
6.085651740431785583e-02
4.498891532421112061e-03
-7.379463315010070801e-02
-7.972671836614608765e-02
2.725023031234741211e-02
-1.501264981925487518e-02
-3.247746080160140991e-02
1.991628706455230713e-01
-3.786402195692062378e-02
1.470552235841751099e-01
2.830683067440986633e-02
-2.395412027835845947e-01
-2.912316471338272095e-02
-5.530571192502975464e-02
3.173664212226867676e-02
-1.995839327573776245e-01
-1.611388623714447021e-01
-5.151486396789550781e-02
-4.479140415787696838e-02
-4.329465329647064209e-03
-2.715717069804668427e-02
2.569101750850677490e-02
6.839062273502349854e-02
-2.531022429466247559e-01
-3.106647133827209473e-01
-1.347556710243225098e-01
-1.601752936840057373e-01
4.110449552536010742e-02
-1.517933607101440430e-01
1.596340350806713104e-02
6.814984977245330811e-02
-2.301364541053771973e-01
-4.146511852741241455e-02
3.953993320465087891e-03
2.826955169439315796e-03
-1.524501387029886246e-02
-5.608845874667167664e-02
2.192429453134536743e-01
6.535637378692626953e-02
-1.556637734174728394e-01
-3.203558921813964844e-02
2.430725097656250000e-02
2.727446556091308594e-01
1.689339727163314819e-01
2.288841456174850464e-02
3.172798454761505127e-02
-5.278456211090087891e-02
2.138169854879379272e-01
-2.488550692796707153e-01
1.521958112716674805e-01
1.862421035766601562e-01
1.333107054233551025e-01
6.321227550506591797e-02
7.166557759046554565e-02
-6.373504549264907837e-02
1.919605582952499390e-02
1.762802600860595703e-01
-2.074691355228424072e-01
1.534166485071182251e-01
3.997040912508964539e-02
-6.341992318630218506e-02
-3.367064148187637329e-02
-7.233366370201110840e-03
1.167070120573043823e-01
8.735051751136779785e-02
-1.032814532518386841e-01
-1.454408764839172363e-01
2.143709510564804077e-01
-1.460703462362289429e-01
-9.522320702672004700e-03
1.319257169961929321e-01
-8.529362082481384277e-02
-1.926025301218032837e-01
-2.547325789928436279e-01
1.145499199628829956e-01
4.432003200054168701e-01
1.449823975563049316e-01
-8.818170428276062012e-02
1.173770241439342499e-02
-1.109115332365036011e-01
-1.252547949552536011e-01
-3.108244575560092926e-02
1.042948961257934570e-01
-1.335991919040679932e-01
-5.360534042119979858e-02
-6.597533077001571655e-02
1.118989512324333191e-01
2.385048717260360718e-01
3.850950673222541809e-02
-1.917832903563976288e-02
1.966195553541183472e-01
-6.493858993053436279e-03
1.572210714221000671e-02
7.714681327342987061e-03
9.254360198974609375e-02
-1.637579351663589478e-01
-4.134923219680786133e-03
-5.679263174533843994e-02
2.789601124823093414e-02
4.618806391954421997e-02
-3.078214079141616821e-02
-4.894196614623069763e-02
1.445365250110626221e-01
-1.145467907190322876e-01
1.192897930741310120e-01
-1.801398210227489471e-02
-1.011459752917289734e-01
-2.829990163445472717e-02
-2.384124882519245148e-02
-8.925572037696838379e-02
-9.333955496549606323e-02
9.827615320682525635e-02
-2.873582243919372559e-01
1.387428641319274902e-01
1.009888574481010437e-01
3.045303933322429657e-02
8.809979259967803955e-02
-2.483001910150051117e-03
2.519617602229118347e-02
5.410154908895492554e-02
-5.258860811591148376e-02
-1.502826511859893799e-01
-9.017115831375122070e-02
1.011140942573547363e-01
-2.857694588601589203e-02
-1.285562478005886078e-02
-4.732973873615264893e-02
