-2.239528447389602661e-01
1.869395822286605835e-01
5.227195471525192261e-02
-4.798177629709243774e-03
-5.357908084988594055e-02
-5.580145120620727539e-02
-1.063537001609802246e-01
-8.923202753067016602e-02
1.361474096775054932e-01
-2.298057265579700470e-02
2.379692345857620239e-01
-3.614458441734313965e-02
-2.198126167058944702e-01
-8.775232732295989990e-02
-9.534595906734466553e-02
1.320573687553405762e-01
-1.675542443990707397e-01
-1.528268456459045410e-01
-6.459483504295349121e-02
-3.990926593542098999e-02
1.141389086842536926e-02
8.694770932197570801e-02
1.521493121981620789e-02
4.448063671588897705e-02
-7.661351561546325684e-02
-3.263061642646789551e-01
-4.337469860911369324e-02
-1.125204116106033325e-01
-2.145158126950263977e-03
-1.240524798631668091e-01
3.727587684988975525e-02
1.615894027054309845e-03
-1.558226346969604492e-01
-7.974259555339813232e-02
6.496426463127136230e-02
1.057797819375991821e-01
-8.078562468290328979e-02
2.521302178502082825e-02
2.063917368650436401e-01
2.647250890731811523e-02
-1.799665838479995728e-01
3.348862752318382263e-02
5.300650000572204590e-02
3.941864073276519775e-01
2.486019134521484375e-01
1.069413200020790100e-01
-5.251877009868621826e-02
-8.950412273406982422e-02
1.325054168701171875e-01
-3.048932552337646484e-01
8.768485486507415771e-02
2.004805803298950195e-01
1.967686265707015991e-01
3.579066321253776550e-02
8.391960710287094116e-02
-8.480098843574523926e-02
-2.117976546287536621e-03
7.418020814657211304e-02
-2.235721200704574585e-01
3.188176080584526062e-02
9.339529275894165039e-02
-8.365878835320472717e-03
-2.669650502502918243e-02
-5.475188046693801880e-02
1.816027164459228516e-01
9.021294116973876953e-02
-1.702978312969207764e-01
-6.294897198677062988e-02
9.335535764694213867e-02
-2.103905677795410156e-01
-6.728115677833557129e-02
1.452129483222961426e-01
-6.342869997024536133e-02
-2.449302226305007935e-01
-2.954767048358917236e-01
5.477133393287658691e-02
4.146717190742492676e-01
1.391355544328689575e-01
-1.535551249980926514e-01
-4.187495261430740356e-02
3.163804486393928528e-02
-4.967605322599411011e-02
-3.211677074432373047e-03
7.964725047349929810e-02
-1.698249727487564087e-01
-3.328134119510650635e-02
-5.901935324072837830e-02
-7.923766970634460449e-03
1.916415989398956299e-01
2.964397147297859192e-02
-8.701844513416290283e-02
1.923150122165679932e-01
3.177038207650184631e-02
-2.349403686821460724e-03
4.366690665483474731e-02
6.760197877883911133e-02
-1.908929273486137390e-02
-8.050987124443054199e-02
-1.477247774600982666e-01
-3.676682710647583008e-02
-2.513571642339229584e-02
-4.762161150574684143e-02
-4.367441684007644653e-02
6.206242367625236511e-02
-1.500249803066253662e-01
1.719096899032592773e-01
-1.032948493957519531e-04
-3.615926578640937805e-02
-6.661882996559143066e-02
-1.201836392283439636e-03
-8.986177295446395874e-02
-9.521968662738800049e-03
1.708326339721679688e-01
-2.205123305320739746e-01
1.883346140384674072e-01
1.618306934833526611e-01
5.621788278222084045e-02
1.315173208713531494e-01
7.902356237173080444e-02
-1.234075054526329041e-03
-1.014600787311792374e-02
-6.391596049070358276e-03
-6.700178235769271851e-02
-1.626411080360412598e-01
4.451745003461837769e-02
-4.267192259430885315e-02
1.299238502979278564e-01
-2.193626202642917633e-02
