-1.010784953832626343e-01
8.148799091577529907e-02
1.039078459143638611e-02
-5.787343531847000122e-02
-1.909387111663818359e-01
-9.842837229371070862e-03
-3.861138597130775452e-02
-1.248614266514778137e-01
1.627151966094970703e-01
-1.871617585420608521e-01
2.086271643638610840e-01
-1.384750604629516602e-01
-2.341219633817672729e-01
3.538012132048606873e-02
-1.106877550482749939e-01
2.457998096942901611e-01
-1.698476076126098633e-01
-1.241543740034103394e-01
-6.142447143793106079e-02
-8.241144567728042603e-02
4.754726588726043701e-02
4.976336658000946045e-02
-7.265862077474594116e-03
6.625536829233169556e-02
-1.550067216157913208e-01
-3.281056284904479980e-01
-2.781310491263866425e-02
-5.919945240020751953e-02
-2.077745646238327026e-02
-8.007493615150451660e-02
-4.110400378704071045e-02
5.867078155279159546e-02
-1.920352876186370850e-01
-1.816440373659133911e-03
7.394963502883911133e-02
1.414832770824432373e-01
-2.342127636075019836e-02
-8.875742554664611816e-02
1.151684820652008057e-01
-3.067506290972232819e-02
-2.838779091835021973e-01
2.908866479992866516e-02
8.865806460380554199e-02
2.559619247913360596e-01
1.453388780355453491e-01
6.774371489882469177e-03
-2.931756339967250824e-02
-1.836866885423660278e-01
1.439233720302581787e-01
-1.583073437213897705e-01
-5.738051980733871460e-02
6.346357613801956177e-02
2.323239296674728394e-02
-7.235452532768249512e-03
4.908318631350994110e-03
-1.245525404810905457e-01
4.478912428021430969e-02
1.546954214572906494e-01
-1.477094888687133789e-01
-3.865548595786094666e-02
1.745293736457824707e-01
-1.112552657723426819e-01
-2.791250124573707581e-02
-1.545258760452270508e-01
2.830211818218231201e-01
4.044917225837707520e-02
-1.367116123437881470e-01
-1.780566126108169556e-01
1.733451336622238159e-01
-1.860018670558929443e-01
-4.974031448364257812e-02
7.685683667659759521e-02
-8.489139378070831299e-02
-1.920063644647598267e-01
-2.856038808822631836e-01
-2.546694502234458923e-02
3.881071805953979492e-01
1.634833216667175293e-01
-1.455029547214508057e-01
3.771590813994407654e-02
1.055443845689296722e-02
8.602348715066909790e-02
1.489634811878204346e-01
1.849850267171859741e-01
1.001764461398124695e-02
3.521179780364036560e-02
-9.500996023416519165e-02
1.518398523330688477e-03
2.757803797721862793e-01
-6.410349905490875244e-02
-1.658646389842033386e-02
2.080928683280944824e-01
-1.051527634263038635e-02
2.748725004494190216e-02
-4.795957356691360474e-04
-3.749521449208259583e-02
-1.835137009620666504e-01
9.456101804971694946e-03
-1.549479216337203979e-01
-1.157484948635101318e-02
-4.088874533772468567e-02
-2.354343421757221222e-02
-5.808986723423004150e-03
1.407186686992645264e-01
-1.439100652933120728e-01
1.441343724727630615e-01
-7.559462636709213257e-02
-2.227846533060073853e-03
-7.652198895812034607e-03
2.337520942091941833e-03
-5.466142669320106506e-02
-3.752082958817481995e-02
1.337999105453491211e-01
-2.470161914825439453e-01
1.545834243297576904e-01
1.504908651113510132e-01
1.400338262319564819e-01
1.325079351663589478e-01
1.211700215935707092e-01
4.406822472810745239e-02
-1.286309771239757538e-02
1.775969937443733215e-02
-2.783177793025970459e-01
-4.028781130909919739e-02
9.952495992183685303e-02
-1.673890948295593262e-01
1.294674724340438843e-01
-2.975530177354812622e-02
