-2.030553817749023438e-01
1.298190057277679443e-01
-3.670325875282287598e-02
-5.118682235479354858e-02
-1.321871131658554077e-01
3.969210386276245117e-02
1.957736723124980927e-02
-8.780889958143234253e-02
1.579427719116210938e-01
-1.275726109743118286e-01
2.187022864818572998e-01
-5.375702679157257080e-02
-2.172005772590637207e-01
-5.525706335902214050e-02
1.492615416646003723e-02
1.320938169956207275e-01
-5.906190723180770874e-02
-1.459471583366394043e-01
-1.419138759374618530e-01
-7.831091433763504028e-02
2.311838045716285706e-02
-3.557668626308441162e-02
-7.796749472618103027e-03
7.603929936885833740e-02
-2.159263789653778076e-01
-3.192132115364074707e-01
-1.310300379991531372e-01
-5.105067789554595947e-02
1.105237156152725220e-01
-1.091270595788955688e-01
-1.181857753545045853e-02
3.218803927302360535e-02
-1.337819993495941162e-01
-1.713275536894798279e-02
1.849297434091567993e-03
8.141043782234191895e-02
-1.405687630176544189e-01
-1.202699691057205200e-01
2.780248224735260010e-01
1.572308130562305450e-02
-1.401903331279754639e-01
3.135780245065689087e-02
5.770090967416763306e-03
3.263014853000640869e-01
1.738646626472473145e-01
-6.411936879158020020e-02
1.050012260675430298e-01
-9.691555052995681763e-02
1.585220694541931152e-01
-2.222468256950378418e-01
3.445378690958023071e-02
1.596338748931884766e-01
9.433620423078536987e-02
9.743112325668334961e-02
7.092629373073577881e-02
-7.231508195400238037e-02
6.452436745166778564e-02
1.784621775150299072e-01
-2.949484884738922119e-01
4.630640149116516113e-02
5.283651500940322876e-02
-7.350525259971618652e-02
-8.439356833696365356e-02
-6.340891122817993164e-02
1.833629906177520752e-01
1.719333529472351074e-01
-9.480009973049163818e-02
-2.075588852167129517e-01
2.452172338962554932e-01
-1.627814769744873047e-01
3.024714067578315735e-02
9.421744197607040405e-02
-1.257328689098358154e-01
-2.385574132204055786e-01
-2.656930685043334961e-01
1.244693845510482788e-01
4.085780084133148193e-01
2.530116438865661621e-01
-4.941858351230621338e-02
7.917881757020950317e-02
-5.148963630199432373e-02
-6.264318525791168213e-02
3.353888541460037231e-02
4.016764461994171143e-02
-1.603314578533172607e-01
-8.418394625186920166e-02
-5.470497906208038330e-02
1.385729908943176270e-01
2.077438235282897949e-01
9.335149079561233521e-04
-3.633215650916099548e-02
2.029799222946166992e-01
1.130933091044425964e-01
-2.481916546821594238e-02
3.716257959604263306e-02
3.434182703495025635e-02
-1.318870931863784790e-01
-2.341667935252189636e-02
-5.019140616059303284e-02
5.471238121390342712e-02
2.816273272037506104e-02
-1.256689280271530151e-01
1.001302897930145264e-01
9.419389814138412476e-02
-1.431585997343063354e-01
2.351704835891723633e-01
-1.511356607079505920e-02
-6.909728050231933594e-03
-7.307124137878417969e-02
-8.154772222042083740e-04
-1.506937742233276367e-01
1.655741780996322632e-02
1.022345647215843201e-01
-3.075138330459594727e-01
1.379133015871047974e-01
1.300905644893646240e-01
7.936082780361175537e-02
1.255295127630233765e-01
1.312739104032516479e-01
3.198424726724624634e-02
4.534109681844711304e-02
1.737509295344352722e-02
-1.400574892759323120e-01
-3.756136447191238403e-02
7.146281003952026367e-02
-1.213934272527694702e-02
6.116284430027008057e-02
6.525713950395584106e-02
