-1.088000684976577759e-01
-1.139283366501331329e-02
5.387334153056144714e-02
-6.736731529235839844e-02
-1.195415407419204712e-01
-4.846535250544548035e-02
-6.282100081443786621e-02
-1.254613399505615234e-01
1.209624186158180237e-01
-1.560149043798446655e-01
2.199452817440032959e-01
-1.145856082439422607e-01
-2.156859785318374634e-01
-3.441627696156501770e-02
-6.645941734313964844e-02
1.826214790344238281e-01
-1.937418729066848755e-01
-9.896798431873321533e-02
-3.616926446557044983e-02
-4.034990444779396057e-02
1.043469458818435669e-01
-2.363348007202148438e-02
-6.366916000843048096e-03
4.081755131483078003e-02
-9.152971208095550537e-02
-3.331359028816223145e-01
-1.242092400789260864e-01
-3.895802050828933716e-02
-3.002715110778808594e-02
-6.268001347780227661e-02
-6.468813121318817139e-02
3.133399039506912231e-02
-2.097962945699691772e-01
-3.561975806951522827e-02
5.979649722576141357e-03
1.060375124216079712e-01
-6.705564446747303009e-03
-1.308759599924087524e-01
1.446575075387954712e-01
-3.960017859935760498e-02
-2.372908741235733032e-01
3.304827213287353516e-02
7.728547602891921997e-02
1.714286059141159058e-01
1.357348263263702393e-01
4.406868666410446167e-02
-7.552071474492549896e-03
-1.378900408744812012e-01
1.491975486278533936e-01
-1.395667046308517456e-01
3.190296143293380737e-02
1.395537257194519043e-01
5.578735098242759705e-02
1.698674634099006653e-02
7.072297390550374985e-03
-1.383087337017059326e-01
1.348299905657768250e-02
1.657141149044036865e-01
-9.763020277023315430e-02
1.848918944597244263e-02
8.595286309719085693e-02
-8.740898221731185913e-02
-1.012999564409255981e-03
-1.486164778470993042e-01
2.042605578899383545e-01
1.015357226133346558e-01
-1.092221438884735107e-01
-2.019044905900955200e-01
1.242233291268348694e-01
-1.494735479354858398e-01
-6.868936121463775635e-02
3.843887895345687866e-02
-1.622315943241119385e-01
-2.099882811307907104e-01
-2.762442827224731445e-01
2.193056978285312653e-03
3.540251553058624268e-01
8.034982532262802124e-02
-1.814825981855392456e-01
6.020939350128173828e-02
-2.907823584973812103e-02
-1.429600827395915985e-02
1.568993628025054932e-01
2.181740850210189819e-01
5.507683008909225464e-02
7.237561792135238647e-02
-8.327624946832656860e-02
-1.879809051752090454e-02
2.550227344036102295e-01
-7.430848479270935059e-02
-1.072591170668601990e-02
2.412268817424774170e-01
-3.063036501407623291e-02
5.493207275867462158e-02
1.611032150685787201e-02
-3.061959519982337952e-02
-9.178130328655242920e-02
4.068944230675697327e-02
-1.162308007478713989e-01
8.533097803592681885e-03
8.585640229284763336e-03
-5.104076862335205078e-02
-5.275629460811614990e-02
7.749786227941513062e-02
-1.290485113859176636e-01
7.742623984813690186e-02
-3.327304869890213013e-02
3.918011486530303955e-02
-6.656949408352375031e-03
-5.961450934410095215e-02
-8.960129320621490479e-02
-6.577202677726745605e-02
1.240663081407546997e-01
-2.448828518390655518e-01
1.633616387844085693e-01
1.745944321155548096e-01
7.792944461107254028e-02
1.460779905319213867e-01
1.135113462805747986e-01
1.183555349707603455e-01
2.427565678954124451e-02
3.548901528120040894e-03
-2.448766827583312988e-01
1.138170063495635986e-02
1.034571975469589233e-01
-3.796295076608657837e-02
6.725190579891204834e-02
-2.522520720958709717e-03
