-1.836289912462234497e-01
3.296112269163131714e-02
-1.887042820453643799e-02
-9.916856884956359863e-02
-5.093353241682052612e-02
-2.506240271031856537e-02
-4.916229844093322754e-02
-1.531526297330856323e-01
1.486953347921371460e-01
-1.105721592903137207e-01
2.227556556463241577e-01
-5.172556638717651367e-02
-1.482978314161300659e-01
-1.505929231643676758e-01
-3.763334080576896667e-02
1.406492888927459717e-01
-2.674353122711181641e-01
-1.486027389764785767e-01
-2.082988619804382324e-02
-5.907819047570228577e-02
2.524526417255401611e-02
-3.299812600016593933e-02
-4.522770643234252930e-03
1.320743411779403687e-01
-2.075728178024291992e-01
-3.774753808975219727e-01
-8.996693789958953857e-02
-1.280641555786132812e-01
-4.179272800683975220e-02
-5.971983075141906738e-02
6.230641156435012817e-05
6.042503565549850464e-02
-2.223043590784072876e-01
-2.393008396029472351e-02
-6.443485617637634277e-03
1.688157469034194946e-01
5.717860162258148193e-02
7.702201604843139648e-03
1.357499957084655762e-01
-3.320274874567985535e-02
-2.217496484518051147e-01
-2.687982283532619476e-03
7.486194372177124023e-02
2.952479720115661621e-01
2.308273464441299438e-01
1.836222037672996521e-02
-3.136992454528808594e-02
-3.970815986394882202e-02
1.736869066953659058e-01
-2.121050953865051270e-01
6.314112246036529541e-02
9.134578704833984375e-02
8.703532069921493530e-02
-2.540722303092479706e-02
4.456504061818122864e-02
-9.245157241821289062e-02
-5.953876674175262451e-02
1.756910085678100586e-01
-1.260902285575866699e-01
3.878707438707351685e-02
5.593463778495788574e-03
-1.134674847126007080e-01
-4.469526931643486023e-03
-7.827481627464294434e-02
2.117739915847778320e-01
1.296876668930053711e-01
-1.675051748752593994e-01
-1.126189231872558594e-01
1.467824876308441162e-01
-1.330103576183319092e-01
-4.731736704707145691e-02
5.258765816688537598e-02
-1.278883069753646851e-01
-1.976850330829620361e-01
-4.065022170543670654e-01
4.617115110158920288e-02
4.503147304058074951e-01
9.093990921974182129e-02
-1.700527817010879517e-01
1.678649336099624634e-03
-6.366683542728424072e-02
8.946694433689117432e-03
1.404531598091125488e-01
1.435662806034088135e-01
-1.684941537678241730e-02
-1.189131289720535278e-02
-1.032607555389404297e-01
7.738636434078216553e-02
2.158664166927337646e-01
2.748666889965534210e-02
-6.339363008737564087e-02
1.735266745090484619e-01
-8.913195878267288208e-02
6.906779855489730835e-02
-1.587989367544651031e-02
9.189039468765258789e-02
-1.032716035842895508e-01
5.169387906789779663e-02
-1.236030980944633484e-01
3.738845884799957275e-02
5.698966607451438904e-02
2.506124414503574371e-02
1.372445374727249146e-02
1.493379175662994385e-01
-1.311188936233520508e-01
7.907525449991226196e-02
3.033774718642234802e-02
1.421720348298549652e-02
2.828243374824523926e-02
3.558906912803649902e-02
-1.000910550355911255e-01
-6.921458244323730469e-02
1.149084717035293579e-01
-2.773306965827941895e-01
1.760923713445663452e-01
1.729101687669754028e-01
6.134485825896263123e-03
1.619798541069030762e-01
7.092391699552536011e-02
1.217963919043540955e-02
-1.087955944240093231e-02
-3.222450986504554749e-02
-2.018421441316604614e-01
-5.630142986774444580e-04
8.973035216331481934e-02
-4.041929543018341064e-02
1.151011884212493896e-01
-8.038081228733062744e-03
