-3.260689973831176758e-02
6.440404802560806274e-02
-1.298342272639274597e-02
-4.579026997089385986e-02
-7.849250733852386475e-02
4.475976526737213135e-02
-4.388397932052612305e-02
-9.935887902975082397e-02
1.295991092920303345e-01
-1.246827021241188049e-01
2.210482954978942871e-01
-7.142596691846847534e-02
-2.215797454118728638e-01
3.104133717715740204e-02
-6.086442619562149048e-03
1.324029564857482910e-01
-2.661596536636352539e-01
-3.451348841190338135e-02
-1.462938785552978516e-01
-6.634749472141265869e-02
-5.517004430294036865e-02
7.869194447994232178e-02
-3.946930915117263794e-02
6.403526663780212402e-02
-1.797523796558380127e-01
-3.314083218574523926e-01
-9.353701770305633545e-02
-1.584221720695495605e-01
3.326282277703285217e-02
-1.225696951150894165e-01
-2.026057988405227661e-02
3.509133309125900269e-02
-1.064141541719436646e-01
1.265273988246917725e-02
6.285979598760604858e-02
-5.997129902243614197e-02
-3.375045955181121826e-02
-7.822107523679733276e-03
2.374042570590972900e-01
8.247967064380645752e-02
-1.910904198884963989e-01
-3.701138123869895935e-02
4.648677259683609009e-02
2.815435230731964111e-01
1.715158224105834961e-01
4.169534146785736084e-02
-9.791829623281955719e-03
-8.097189664840698242e-02
1.930823624134063721e-01
-2.656275331974029541e-01
8.934333920478820801e-02
1.123220324516296387e-01
9.381185472011566162e-02
1.012603417038917542e-01
2.203992381691932678e-02
-1.654216945171356201e-01
-2.746313810348510742e-03
1.520455479621887207e-01
-2.175759077072143555e-01
1.497511118650436401e-01
1.233964711427688599e-01
-1.951656043529510498e-01
-6.761498749256134033e-02
1.703925430774688721e-02
1.333321332931518555e-01
6.909544020891189575e-02
-1.271081864833831787e-01
-1.820797622203826904e-01
1.499391198158264160e-01
-1.643295139074325562e-01
-3.246948122978210449e-02
6.346283107995986938e-02
-3.923649713397026062e-02
-2.485999464988708496e-01
-2.860516905784606934e-01
3.977377340197563171e-02
4.224483966827392578e-01
1.858568638563156128e-01
-2.234409898519515991e-01
-6.444694101810455322e-02
-7.259332388639450073e-02
-1.182783246040344238e-01
1.302118003368377686e-01
1.070729270577430725e-01
-2.850349247455596924e-02
-1.076114177703857422e-01
-6.419037282466888428e-02
3.081271052360534668e-02
2.163769155740737915e-01
-3.739883005619049072e-02
1.626654900610446930e-02
2.397704124450683594e-01
-3.913135081529617310e-02
-2.147073298692703247e-02
4.668038338422775269e-03
9.669699519872665405e-02
-2.156702727079391479e-01
-7.029030472040176392e-03
-5.980591848492622375e-02
-9.563397616147994995e-03
4.626953601837158203e-02
-7.554866373538970947e-02
-9.027231484651565552e-03
9.921811521053314209e-02
-2.131918966770172119e-01
3.400120139122009277e-01
-1.532291620969772339e-02
-9.502103924751281738e-02
1.116134598851203918e-02
-4.778703302145004272e-02
-6.878629326820373535e-02
-3.249108791351318359e-03
2.403823733329772949e-01
-2.472890466451644897e-01
1.500385403633117676e-01
1.628912538290023804e-01
9.418730437755584717e-02
2.082155346870422363e-01
7.221751380711793900e-03
5.851484090089797974e-02
-3.322751820087432861e-02
-2.252229303121566772e-02
-2.595057189464569092e-01
-1.230635121464729309e-01
4.680616408586502075e-02
-4.987805336713790894e-02
1.742090284824371338e-02
-3.769554942846298218e-02
