-1.345717757940292358e-01
1.187981218099594116e-01
5.832443758845329285e-02
-2.862878143787384033e-03
-7.947762310504913330e-02
3.925849869847297668e-02
-6.861411035060882568e-02
-3.899611532688140869e-03
1.034904792904853821e-01
-8.570405840873718262e-02
1.762239187955856323e-01
-1.397410035133361816e-02
-1.466909945011138916e-01
-7.398642599582672119e-02
-1.122025623917579651e-01
1.178933531045913696e-01
-1.032213196158409119e-01
-1.296094208955764771e-01
-5.279650539159774780e-02
-5.188186466693878174e-02
3.820293024182319641e-02
9.437036514282226562e-02
-5.683446675539016724e-02
2.538926899433135986e-03
-1.483888030052185059e-01
-3.819250166416168213e-01
-4.497045651078224182e-02
-1.846693083643913269e-02
4.160918295383453369e-03
-7.052257657051086426e-02
-7.807822898030281067e-03
3.368470817804336548e-02
-1.231493055820465088e-01
4.784814640879631042e-02
2.730872854590415955e-02
1.004827767610549927e-01
3.332717716693878174e-02
8.914455771446228027e-02
1.043907925486564636e-01
5.571825057268142700e-02
-1.767249405384063721e-01
6.655668467283248901e-02
2.745177969336509705e-02
3.556399047374725342e-01
1.687284559011459351e-01
9.364880621433258057e-02
1.390294451266527176e-02
-5.858790501952171326e-02
9.772871434688568115e-02
-2.521616816520690918e-01
9.192842245101928711e-02
1.513238847255706787e-01
7.149171084165573120e-02
9.272955358028411865e-04
8.284623920917510986e-02
-8.646531403064727783e-02
-7.411873340606689453e-02
1.519514322280883789e-01
-9.630764275789260864e-02
8.662673085927963257e-02
-3.355974331498146057e-03
-3.640353679656982422e-02
-5.565020442008972168e-02
-8.363233506679534912e-02
1.948328614234924316e-01
1.177099496126174927e-01
-1.164133399724960327e-01
-1.859590411186218262e-01
1.547526717185974121e-01
-1.953881382942199707e-01
-7.009486109018325806e-02
3.523733839392662048e-02
-3.029306232929229736e-02
-1.147476881742477417e-01
-2.815618216991424561e-01
7.287522405385971069e-02
4.269423484802246094e-01
1.569021940231323242e-01
-1.874730587005615234e-01
6.050685048103332520e-02
-5.392475053668022156e-02
2.280015498399734497e-02
1.043133437633514404e-01
6.636724621057510376e-02
-1.243501529097557068e-01
-4.746548831462860107e-03
-1.005051359534263611e-01
-9.034067392349243164e-03
2.033061534166336060e-01
5.224929749965667725e-02
-3.302183747291564941e-02
1.731843948364257812e-01
6.644889712333679199e-03
5.741121619939804077e-02
1.973555237054824829e-02
-5.811989307403564453e-03
-1.179894730448722839e-01
7.429255172610282898e-03
-6.698079407215118408e-02
-6.197469681501388550e-02
4.317769035696983337e-02
-6.487558037042617798e-02
3.297108411788940430e-02
1.471661031246185303e-01
-1.887848973274230957e-01
2.197160571813583374e-01
-4.942865669727325439e-02
6.719510257244110107e-02
1.010278835892677307e-01
1.388731449842453003e-01
-3.906295821070671082e-02
-3.891303017735481262e-02
1.339553594589233398e-01
-2.379636019468307495e-01
1.507881879806518555e-01
1.299684494733810425e-01
3.004068136215209961e-02
1.442308276891708374e-01
1.305905431509017944e-01
8.255586773157119751e-02
-1.093270722776651382e-03
2.883279696106910706e-02
-1.599467545747756958e-01
-6.719887256622314453e-02
-1.097987778484821320e-02
-1.181890964508056641e-01
3.482483327388763428e-02
4.261660203337669373e-02
