-6.168378517031669617e-02
7.524089515209197998e-02
7.681030035018920898e-02
-9.554754197597503662e-02
-1.092185005545616150e-01
1.042062230408191681e-02
-1.229385584592819214e-01
-7.733295112848281860e-02
1.783254146575927734e-01
-8.601723611354827881e-02
1.977306753396987915e-01
2.672148682177066803e-02
-2.665311694145202637e-01
5.895414575934410095e-02
-2.851538360118865967e-02
1.163627952337265015e-01
-1.198948472738265991e-01
-1.128697842359542847e-01
1.427093893289566040e-02
-3.626503795385360718e-02
4.781712964177131653e-02
4.643522948026657104e-02
1.092297583818435669e-02
1.236414238810539246e-01
-6.963370740413665771e-02
-2.442666739225387573e-01
-6.573071330785751343e-02
-1.532830297946929932e-01
2.967553213238716125e-02
-1.132869496941566467e-01
-1.708957552909851074e-02
-2.132694050669670105e-02
-1.337473690509796143e-01
2.741376124322414398e-02
1.748237386345863342e-02
3.731585294008255005e-02
-3.578693419694900513e-02
-1.047167330980300903e-01
2.577497959136962891e-01
8.043155819177627563e-02
-1.283336281776428223e-01
-1.994748041033744812e-02
-2.002464607357978821e-02
1.931670606136322021e-01
6.269528716802597046e-02
3.714029490947723389e-02
9.056203812360763550e-02
-8.347450941801071167e-02
1.146019920706748962e-01
-2.369606643915176392e-01
3.488297015428543091e-02
1.706044375896453857e-01
9.983104467391967773e-02
3.857874870300292969e-02
7.312059402465820312e-02
-2.395698577165603638e-01
4.518331587314605713e-02
5.690493434667587280e-02
-1.885118484497070312e-01
1.931729912757873535e-01
5.041028559207916260e-02
-1.157587952911853790e-02
-1.142491586506366730e-03
2.766590565443038940e-03
2.780396044254302979e-01
1.029029861092567444e-01
-1.351769417524337769e-01
-1.201300844550132751e-01
1.446475833654403687e-01
-1.050432994961738586e-01
-1.193552315235137939e-01
1.123690232634544373e-01
-1.315830647945404053e-01
-1.704196333885192871e-01
-1.670269370079040527e-01
1.971275359392166138e-02
4.123125076293945312e-01
1.255452185869216919e-01
-2.425566315650939941e-01
-1.911384984850883484e-03
-1.153100058436393738e-01
-7.670307159423828125e-02
2.473122440278530121e-02
6.677058339118957520e-02
-5.494601279497146606e-02
-2.318675816059112549e-02
-1.134294420480728149e-01
-2.593176066875457764e-02
2.410516738891601562e-01
-1.113946177065372467e-02
-5.762454122304916382e-03
2.353579401969909668e-01
3.935673832893371582e-02
8.300025761127471924e-02
1.413136720657348633e-03
7.303503900766372681e-02
-1.151862666010856628e-01
-5.805407464504241943e-02
-9.576405584812164307e-02
-7.198835909366607666e-02
-1.598781440407037735e-03
-5.289021134376525879e-02
-2.021710947155952454e-02
9.883254766464233398e-02
-2.056686282157897949e-01
1.122209876775741577e-01
-1.609956473112106323e-02
-1.140327453613281250e-01
-7.853993773460388184e-02
1.311857998371124268e-01
-1.769824177026748657e-01
-4.139554500579833984e-02
1.805923283100128174e-01
-2.311958372592926025e-01
2.238228321075439453e-01
1.657178252935409546e-01
1.064028739929199219e-01
8.597355335950851440e-02
5.974131822586059570e-02
6.430926918983459473e-02
2.100256457924842834e-02
-4.846381023526191711e-02
-8.283009380102157593e-02
-1.512920558452606201e-01
4.665279760956764221e-03
3.182881977409124374e-03
2.477901615202426910e-02
3.036964312195777893e-02
