-7.880804687738418579e-02
1.394344568252563477e-01
4.360337555408477783e-02
-2.463179826736450195e-02
-9.261065721511840820e-02
6.744505465030670166e-02
-3.241756185889244080e-02
-7.665237784385681152e-02
1.732233017683029175e-01
-7.645076513290405273e-02
2.532086968421936035e-01
-1.457037590444087982e-02
-2.539193034172058105e-01
-4.196385294198989868e-02
2.642070502042770386e-02
1.443360745906829834e-01
-8.447213470935821533e-02
-1.564212292432785034e-01
-6.286139786243438721e-02
-1.189465355128049850e-02
-6.292045116424560547e-02
5.594499409198760986e-02
-4.970387369394302368e-02
2.956137433648109436e-02
-1.152022927999496460e-01
-4.114929437637329102e-01
-3.918398171663284302e-02
-8.825362473726272583e-02
5.963511019945144653e-02
-9.224335104227066040e-02
-6.501891463994979858e-02
9.987309575080871582e-02
-1.332555562257766724e-01
-4.419351369142532349e-02
5.514992401003837585e-02
9.095171838998794556e-02
-1.218308731913566589e-01
-2.340536192059516907e-02
2.179218679666519165e-01
4.313404113054275513e-02
-2.681418657302856445e-01
5.380606278777122498e-03
1.863256841897964478e-02
3.016150295734405518e-01
1.494425684213638306e-01
5.560960248112678528e-02
6.822364032268524170e-02
-6.812681257724761963e-02
7.697887718677520752e-02
-2.649798989295959473e-01
1.383592039346694946e-01
1.432274430990219116e-01
1.034412384033203125e-01
1.462832093238830566e-02
7.135754078626632690e-02
-1.638881862163543701e-01
-1.007550284266471863e-01
1.198762729763984680e-01
-2.201067060232162476e-01
7.571274787187576294e-02
9.478402137756347656e-02
-4.826180636882781982e-02
-1.064911559224128723e-01
-7.521217316389083862e-02
1.489313244819641113e-01
1.329586356878280640e-01
-9.050982445478439331e-02
-1.320370584726333618e-01
2.461183816194534302e-01
-1.554354727268218994e-01
-4.038412868976593018e-02
1.442770659923553467e-01
-7.776676118373870850e-02
-2.472322434186935425e-01
-2.293674200773239136e-01
1.159876286983489990e-01
3.581517636775970459e-01
1.382096707820892334e-01
-9.591066837310791016e-02
-3.745752573013305664e-02
5.963464453816413879e-02
-5.530029162764549255e-02
5.731553584337234497e-02
6.036693975329399109e-02
-6.385137140750885010e-02
-7.665547728538513184e-02
-2.153733372688293457e-02
5.621623620390892029e-02
2.339759767055511475e-01
2.957772091031074524e-02
-1.301259174942970276e-02
1.922237873077392578e-01
-1.338361948728561401e-02
-2.591006085276603699e-02
-9.521504864096641541e-03
1.250652074813842773e-01
-2.279540151357650757e-02
1.864839345216751099e-03
-1.564781069755554199e-01
-3.420107811689376831e-02
1.143097802996635437e-01
-5.240232497453689575e-02
-5.306392908096313477e-03
1.610910296440124512e-01
-2.184251248836517334e-01
1.656813919544219971e-01
-2.427757531404495239e-02
-2.892597205936908722e-02
8.218843489885330200e-02
-3.604412078857421875e-03
-5.731731653213500977e-02
-3.048980981111526489e-02
1.982100307941436768e-01
-2.366744726896286011e-01
1.681241840124130249e-01
1.639354079961776733e-01
4.812852293252944946e-02
7.586640864610671997e-02
5.042833462357521057e-02
-2.588590607047080994e-02
8.009540289640426636e-02
-1.444499790668487549e-01
-3.018257021903991699e-01
-1.260163784027099609e-01
8.584783226251602173e-02
-5.904763936996459961e-02
-1.833878830075263977e-02
1.407297514379024506e-02
