-8.651231974363327026e-02
9.675041586160659790e-02
8.959298580884933472e-02
-5.736888945102691650e-02
-1.656849831342697144e-01
-2.910387702286243439e-03
-6.297993659973144531e-02
-7.745397090911865234e-02
1.777721196413040161e-01
-1.636692434549331665e-01
8.302208036184310913e-02
2.226995490491390228e-02
-2.101905792951583862e-01
1.056666597723960876e-01
-4.026895761489868164e-02
1.541791260242462158e-01
-1.794146895408630371e-01
-1.290184408426284790e-01
-4.033134132623672485e-02
-1.353986263275146484e-01
3.260256350040435791e-02
1.066481098532676697e-01
-3.304354846477508545e-02
8.506824076175689697e-02
-1.179991364479064941e-01
-2.974357903003692627e-01
-8.413523435592651367e-02
-7.595180720090866089e-02
-4.094348102807998657e-02
-8.287015557289123535e-02
-9.992078877985477448e-03
1.863159239292144775e-02
-1.005322709679603577e-01
4.979793354868888855e-02
8.992578834295272827e-03
5.490780621767044067e-02
-6.244473159313201904e-02
-6.798326224088668823e-02
2.247688025236129761e-01
3.548726066946983337e-02
-2.164591848850250244e-01
-1.511499099433422089e-02
1.352689862251281738e-01
3.111498355865478516e-01
3.019420206546783447e-01
-3.982285410165786743e-02
3.858439251780509949e-02
-7.996217906475067139e-02
2.313996553421020508e-01
-3.812635838985443115e-01
2.565849386155605316e-02
1.062496602535247803e-01
3.858822584152221680e-02
6.386300921440124512e-02
1.427266150712966919e-01
-1.937361955642700195e-01
-4.790359735488891602e-02
9.463980793952941895e-02
-1.009758114814758301e-01
1.299720406532287598e-01
5.304920673370361328e-02
-1.531014442443847656e-01
-3.351141698658466339e-03
-5.283474549651145935e-02
3.137103617191314697e-01
5.254717543721199036e-02
-1.584682613611221313e-01
-1.252677142620086670e-01
2.331092953681945801e-01
-2.315446287393569946e-01
-9.534135460853576660e-02
9.595116972923278809e-02
-6.982843577861785889e-02
-1.792566329240798950e-01
-3.222722113132476807e-01
1.957035250961780548e-02
4.480975568294525146e-01
1.528105288743972778e-01
-1.622291356325149536e-01
8.470946550369262695e-02
-9.592962265014648438e-02
-4.061622917652130127e-02
5.662858858704566956e-02
2.010106146335601807e-01
-8.654836565256118774e-04
1.924265176057815552e-03
-1.222311481833457947e-01
4.349046200513839722e-02
3.307632505893707275e-01
-5.161208659410476685e-02
1.082819700241088867e-02
3.024451732635498047e-01
7.560080289840698242e-02
5.583759024739265442e-02
3.422029316425323486e-02
1.222999542951583862e-01
-1.680791079998016357e-01
-1.048185974359512329e-01
-2.237603962421417236e-01
-1.818689331412315369e-02
-3.303198516368865967e-02
-5.923044681549072266e-02
-2.475674450397491455e-02
1.519017368555068970e-01
-2.242008149623870850e-01
2.290045469999313354e-01
-5.164063721895217896e-02
-6.503672897815704346e-02
-1.202476620674133301e-01
-6.102763488888740540e-02
-9.542802721261978149e-02
3.524443507194519043e-02
2.035296559333801270e-01
-2.520340085029602051e-01
8.367325365543365479e-02
1.248016506433486938e-01
6.096325814723968506e-02
1.883703917264938354e-01
1.533182524144649506e-02
2.460271120071411133e-02
-3.473449498414993286e-03
-9.019033610820770264e-02
-1.692831963300704956e-01
-4.298314452171325684e-02
-9.049485437572002411e-03
-6.849019974470138550e-02
-1.754479855298995972e-02
9.786481410264968872e-02
