-8.754871040582656860e-02
8.567050099372863770e-02
3.606951981782913208e-02
-1.023268923163414001e-01
-1.520920544862747192e-01
5.716923996806144714e-02
-2.391764894127845764e-03
-9.375023841857910156e-02
2.074562609195709229e-01
-1.442016065120697021e-01
2.132792919874191284e-01
2.994604781270027161e-02
-1.759102642536163330e-01
7.301943004131317139e-02
-2.802570909261703491e-02
1.996441483497619629e-01
-2.617511153221130371e-01
-1.500425934791564941e-01
-8.578092604875564575e-02
-1.242034062743186951e-01
9.100027382373809814e-03
1.005047783255577087e-01
7.585002481937408447e-02
7.171984761953353882e-02
-1.233892664313316345e-01
-2.565105557441711426e-01
1.286819577217102051e-02
-7.411403954029083252e-02
6.845211982727050781e-02
-9.538245201110839844e-02
1.162110567092895508e-01
1.335282474756240845e-01
-1.264341622591018677e-01
1.515546739101409912e-01
-9.379908442497253418e-05
6.411151587963104248e-02
-6.845234334468841553e-02
-1.647538095712661743e-01
2.469831854104995728e-01
1.943225041031837463e-03
-2.426677942276000977e-01
-1.731939055025577545e-02
1.016330718994140625e-01
1.966531276702880859e-01
2.351184487342834473e-01
-5.916479602456092834e-02
-3.752633929252624512e-03
-8.620139956474304199e-02
1.584521383047103882e-01
-3.373494744300842285e-01
4.642911627888679504e-02
1.458730995655059814e-01
6.873607635498046875e-02
7.255923748016357422e-02
6.985736638307571411e-02
-1.890737116336822510e-01
4.055036976933479309e-02
1.105429530143737793e-01
-1.018821969628334045e-01
6.960829719901084900e-03
2.194237709045410156e-02
-3.364219143986701965e-02
6.744658201932907104e-02
-4.568831250071525574e-02
2.164679765701293945e-01
1.145147532224655151e-01
-9.812451899051666260e-02
-1.660664677619934082e-01
1.841999739408493042e-01
-1.552466005086898804e-01
-1.833980679512023926e-01
1.476301103830337524e-01
-1.273199021816253662e-01
-1.926684379577636719e-01
-1.827433109283447266e-01
-2.374347671866416931e-02
3.869928419589996338e-01
1.439918875694274902e-01
-1.375769376754760742e-01
4.506830871105194092e-02
-2.724373899400234222e-02
-9.410333633422851562e-02
2.642443403601646423e-03
2.358265072107315063e-01
-2.576038241386413574e-03
-1.796967536211013794e-01
-1.073193550109863281e-01
-3.774622827768325806e-02
2.850723862648010254e-01
-4.949649423360824585e-02
-5.723536759614944458e-02
3.101594746112823486e-01
8.694866299629211426e-02
-1.329762302339076996e-02
-7.572202384471893311e-02
3.269109129905700684e-02
-9.195321798324584961e-02
8.648315817117691040e-02
-9.069321304559707642e-02
-7.269514352083206177e-02
-8.033096790313720703e-02
5.898075178265571594e-02
-8.510971814393997192e-02
1.698447018861770630e-01
-2.064993828535079956e-01
2.531105279922485352e-01
-5.157729983329772949e-02
-7.763540372252464294e-03
2.438174933195114136e-02
1.969347521662712097e-02
3.854960203170776367e-02
-2.337816171348094940e-02
1.047337278723716736e-01
-2.312033921480178833e-01
1.398401707410812378e-01
1.776207238435745239e-01
9.057104587554931641e-02
1.668586134910583496e-01
1.371609047055244446e-02
1.219099387526512146e-01
1.051272004842758179e-01
-1.551359891891479492e-03
-2.403061091899871826e-01
-4.351260513067245483e-02
9.968883357942104340e-03
-1.071121990680694580e-01
-1.211681514978408813e-01
1.051625981926918030e-01
