-2.345878332853317261e-01
6.244487315416336060e-02
9.821292757987976074e-02
-1.592132449150085449e-02
-7.041190564632415771e-02
5.668100714683532715e-02
4.516392014920711517e-03
-5.739608779549598694e-02
1.625755280256271362e-01
-1.094514131546020508e-01
1.620632261037826538e-01
-7.416646182537078857e-02
-2.279225736856460571e-01
-3.640701621770858765e-02
2.182543650269508362e-02
1.134641468524932861e-01
-7.201078534126281738e-02
-1.643274426460266113e-01
-1.233902052044868469e-01
-1.172661632299423218e-01
4.397030919790267944e-03
-3.931949287652969360e-02
-2.598978020250797272e-02
3.802647441625595093e-02
-2.671681046485900879e-01
-3.870509564876556396e-01
-6.528855860233306885e-02
-9.357832372188568115e-02
-1.927956938743591309e-02
-9.504413604736328125e-02
-2.065794169902801514e-02
1.555826328694820404e-02
-2.103072553873062134e-01
-3.697552531957626343e-02
-9.633071720600128174e-03
1.836694031953811646e-01
2.695098705589771271e-02
-1.312694326043128967e-02
1.761644482612609863e-01
-1.194844692945480347e-01
-1.985053718090057373e-01
5.716054141521453857e-02
6.352855265140533447e-02
2.436689287424087524e-01
8.601420372724533081e-02
9.260835126042366028e-03
5.222813040018081665e-02
1.160096190869808197e-02
1.222897842526435852e-01
-2.621687650680541992e-01
1.263566017150878906e-01
7.645545899868011475e-02
1.477029472589492798e-01
1.398896053433418274e-02
7.588703930377960205e-02
-1.426209211349487305e-01
-4.668650031089782715e-02
2.135710120201110840e-01
-1.661721169948577881e-01
1.623851358890533447e-01
6.805029511451721191e-02
-1.118073165416717529e-01
-7.357764989137649536e-02
-2.930624969303607941e-02
1.810176819562911987e-01
2.064484953880310059e-01
-1.372926533222198486e-01
-1.282614618539810181e-01
1.655226647853851318e-01
-1.358013451099395752e-01
8.358787745237350464e-02
5.160795897245407104e-02
-7.991835474967956543e-02
-2.060647755861282349e-01
-3.039908409118652344e-01
1.266922503709793091e-01
4.246540963649749756e-01
1.444846689701080322e-01
-2.218597978353500366e-01
-2.499552071094512939e-02
-4.279435425996780396e-02
7.314440608024597168e-02
5.457399785518646240e-02
8.083900809288024902e-02
-1.278955489397048950e-01
2.890450134873390198e-02
-8.833560347557067871e-02
1.265339702367782593e-01
2.245703190565109253e-01
9.521797299385070801e-02
-4.123939573764801025e-02
1.942426115274429321e-01
4.009192064404487610e-02
1.773476973176002502e-02
2.088010311126708984e-03
5.512389540672302246e-02
-1.155542135238647461e-01
-1.021247804164886475e-01
-9.184852242469787598e-02
6.148234009742736816e-02
6.839044392108917236e-02
-4.631254449486732483e-02
7.328234612941741943e-03
1.146898046135902405e-01
-1.709770411252975464e-01
1.785302609205245972e-01
-6.625799089670181274e-02
-1.354396343231201172e-03
-1.851783506572246552e-02
9.542708098888397217e-02
-4.579541087150573730e-02
-7.970720529556274414e-03
1.452561765909194946e-01
-2.626637518405914307e-01
1.026367172598838806e-01
1.770816445350646973e-01
-3.290214389562606812e-02
1.715418994426727295e-01
7.655027508735656738e-02
2.540492080152034760e-02
8.428263664245605469e-02
5.448543280363082886e-02
-1.982921659946441650e-01
-6.621400266885757446e-02
6.720268726348876953e-02
-9.602601081132888794e-02
9.737359732389450073e-02
8.081801980733871460e-02
