-8.014919608831405640e-02
8.776544034481048584e-02
3.469637781381607056e-02
-1.038190275430679321e-01
-1.170745491981506348e-01
2.093747444450855255e-02
-6.784009188413619995e-02
-1.222662553191184998e-01
1.507467031478881836e-01
-1.356948316097259521e-01
2.135884910821914673e-01
-5.843404680490493774e-02
-1.968288719654083252e-01
-6.541165709495544434e-02
-6.996238231658935547e-02
1.935906559228897095e-01
-1.994311511516571045e-01
-1.488776504993438721e-01
-3.985687345266342163e-02
1.960931345820426941e-02
1.176939159631729126e-01
-8.093485608696937561e-03
-2.899724431335926056e-02
-1.252324506640434265e-02
-9.029445052146911621e-02
-3.108261525630950928e-01
-1.197913587093353271e-01
-5.069506540894508362e-02
-2.337017655372619629e-02
-2.943195030093193054e-02
1.286416500806808472e-02
5.008541792631149292e-02
-1.910155564546585083e-01
-3.327708318829536438e-02
7.533106952905654907e-03
4.237536713480949402e-02
-4.608608782291412354e-02
-4.286664724349975586e-02
1.492964625358581543e-01
-4.594661295413970947e-03
-2.108812779188156128e-01
3.342299908399581909e-02
6.627774238586425781e-02
1.978003978729248047e-01
1.935279369354248047e-01
7.468581944704055786e-02
5.708722397685050964e-03
-1.535276621580123901e-01
9.606530517339706421e-02
-1.701991558074951172e-01
2.907348610460758209e-02
1.512524783611297607e-01
5.257785320281982422e-02
8.123688399791717529e-02
5.598470568656921387e-02
-8.292949199676513672e-02
8.151935040950775146e-02
9.330657124519348145e-02
-9.471508860588073730e-02
4.281531274318695068e-02
1.152940317988395691e-01
-9.333086758852005005e-02
-5.453337728977203369e-02
-8.254016935825347900e-02
2.268987894058227539e-01
3.568147122859954834e-02
-9.564311057329177856e-02
-2.136584818363189697e-01
1.459800750017166138e-01
-7.756624370813369751e-02
-1.582068055868148804e-01
6.368205696344375610e-02
-1.512751281261444092e-01
-1.512753069400787354e-01
-2.922241091728210449e-01
-7.200039923191070557e-03
3.804424405097961426e-01
8.115065097808837891e-02
-1.954915225505828857e-01
7.465345412492752075e-02
-1.564420387148857117e-02
-5.870070308446884155e-04
1.526022404432296753e-01
1.317674666643142700e-01
-2.852059900760650635e-03
-2.542980015277862549e-02
-9.103284031152725220e-02
-5.729041993618011475e-03
2.320139408111572266e-01
-7.620503008365631104e-02
-2.761721052229404449e-02
2.472905814647674561e-01
-2.364674955606460571e-02
4.877952486276626587e-02
1.119964569807052612e-02
3.922800719738006592e-02
-1.753644645214080811e-02
7.214862853288650513e-02
-1.171415001153945923e-01
-4.635669663548469543e-02
1.565798968076705933e-01
-2.349332906305789948e-02
-3.525120764970779419e-02
1.250324100255966187e-01
-1.295726746320724487e-01
1.176831945776939392e-01
-4.133847355842590332e-02
1.035240814089775085e-01
3.697617724537849426e-02
-5.059085786342620850e-02
-1.280615329742431641e-01
5.835108458995819092e-04
1.498884558677673340e-01
-2.114281654357910156e-01
2.116409242153167725e-01
1.473655104637145996e-01
1.944413036108016968e-02
2.973762154579162598e-02
1.654911041259765625e-01
9.073793888092041016e-02
-7.024643942713737488e-03
-3.242017328739166260e-02
-2.691528797149658203e-01
-4.496226087212562561e-02
1.056479662656784058e-01
-1.453193370252847672e-02
6.105094030499458313e-02
2.833132073283195496e-02
