-1.146700792014598846e-02
7.900930941104888916e-02
5.890332162380218506e-02
-5.823703110218048096e-02
-1.232943385839462280e-01
-5.873087793588638306e-02
-9.948842972517013550e-02
-1.698521077632904053e-01
1.498415470123291016e-01
-1.191288754343986511e-01
2.390419989824295044e-01
-8.577296882867813110e-02
-2.356193512678146362e-01
-3.002782166004180908e-02
-1.575097814202308655e-02
2.861392498016357422e-01
-1.950063109397888184e-01
-1.632286757230758667e-01
-3.919706493616104126e-02
2.487868256866931915e-02
4.245974123477935791e-02
-4.375981166958808899e-02
4.698507860302925110e-02
8.384896814823150635e-02
-5.862444266676902771e-02
-3.427247703075408936e-01
-1.086605712771415710e-01
-8.668895065784454346e-02
-4.228026792407035828e-02
-7.520945370197296143e-02
-6.888343393802642822e-02
4.609164968132972717e-02
-1.372543126344680786e-01
1.335612591356039047e-02
7.994993031024932861e-02
4.739839583635330200e-02
6.968613713979721069e-03
-1.831761151552200317e-01
1.916197985410690308e-01
-1.533561944961547852e-02
-3.102563917636871338e-01
2.514657750725746155e-02
4.609564691781997681e-02
1.417946368455886841e-01
1.313907802104949951e-01
1.738654822111129761e-02
2.295001223683357239e-02
-1.789740025997161865e-01
1.015842482447624207e-01
-1.887183785438537598e-01
-1.174043212085962296e-02
1.208848804235458374e-01
-6.678402423858642578e-04
-7.716359570622444153e-03
-2.721907943487167358e-02
-1.741833686828613281e-01
5.788245052099227905e-02
9.160090237855911255e-02
-1.329485625028610229e-01
-5.667775869369506836e-02
1.299961060285568237e-01
-1.198064535856246948e-01
-5.734965950250625610e-02
-1.086130440235137939e-01
2.515617609024047852e-01
1.424891054630279541e-01
-1.410531997680664062e-01
-1.615318357944488525e-01
6.777489930391311646e-02
-1.156771704554557800e-01
-7.295155525207519531e-02
-1.246567349880933762e-03
-1.606020629405975342e-01
-1.859209984540939331e-01
-2.530471682548522949e-01
-4.172686859965324402e-02
4.302323758602142334e-01
6.584536284208297729e-02
-2.319999039173126221e-01
5.845066159963607788e-02
-5.844403803348541260e-02
3.810901194810867310e-02
1.010858267545700073e-01
2.067438960075378418e-01
-2.613687887787818909e-03
1.782650873064994812e-02
-1.152336448431015015e-01
-4.244760423898696899e-02
2.274302691221237183e-01
-1.331692934036254883e-01
7.720068097114562988e-02
2.708111703395843506e-01
-5.393482372164726257e-02
1.235849261283874512e-01
-1.853605732321739197e-02
-1.004859805107116699e-03
-6.473125517368316650e-02
5.197900533676147461e-02
-7.928025722503662109e-02
-1.727350801229476929e-02
3.097098320722579956e-02
2.626252360641956329e-03
-9.908601641654968262e-04
1.034430265426635742e-01
-1.993316709995269775e-01
2.322731725871562958e-02
-6.709659472107887268e-03
1.559356227517127991e-02
1.040144115686416626e-01
4.427343234419822693e-02
-5.385898426175117493e-02
-1.722433269023895264e-01
1.104228422045707703e-01
-2.132606953382492065e-01
1.408689916133880615e-01
2.084446996450424194e-01
7.172968238592147827e-02
9.054854512214660645e-02
1.217185482382774353e-01
1.583622992038726807e-01
-1.025083847343921661e-02
-2.955300360918045044e-02
-2.445776760578155518e-01
4.115696251392364502e-02
1.193839907646179199e-01
-6.301954388618469238e-03
-1.186183840036392212e-02
-1.812423393130302429e-02
