-4.397413134574890137e-02
9.797416627407073975e-02
2.093888074159622192e-02
-1.393965259194374084e-02
-1.344200223684310913e-01
2.923850901424884796e-02
-2.715880796313285828e-02
-1.121215298771858215e-01
1.143271476030349731e-01
-6.535606831312179565e-02
2.704472541809082031e-01
-5.382457002997398376e-02
-2.019235789775848389e-01
-4.812958464026451111e-02
3.407784551382064819e-02
1.058677285909652710e-01
-1.358521878719329834e-01
-1.528131812810897827e-01
-6.168082356452941895e-02
-3.890293836593627930e-02
-1.420602202415466309e-03
5.441225320100784302e-02
-3.744305297732353210e-02
5.072138085961341858e-02
-1.341286301612854004e-01
-2.587476074695587158e-01
-5.076234787702560425e-02
-4.342546314001083374e-02
1.584125459194183350e-01
-2.981966547667980194e-02
4.324399679899215698e-02
7.573518157005310059e-02
-1.820992678403854370e-01
4.735711961984634399e-02
4.871573299169540405e-03
9.846985340118408203e-02
-8.459759503602981567e-02
-8.659702539443969727e-02
2.607354223728179932e-01
-2.413725852966308594e-02
-2.167521715164184570e-01
3.398391231894493103e-02
1.644513383507728577e-02
2.733238637447357178e-01
1.822547018527984619e-01
-3.330776840448379517e-02
5.086086690425872803e-02
-8.039504289627075195e-02
3.089807368814945221e-02
-2.890665531158447266e-01
8.610106259584426880e-02
2.284655272960662842e-01
6.686424463987350464e-02
8.009840548038482666e-02
4.076534882187843323e-03
-1.615941524505615234e-01
3.905142098665237427e-02
1.117941141128540039e-01
-2.226915657520294189e-01
6.897734850645065308e-02
1.276417821645736694e-01
-2.954549342393875122e-02
4.008507728576660156e-02
-4.646520316600799561e-02
2.158527076244354248e-01
8.627453446388244629e-02
-8.300177007913589478e-02
-1.904439926147460938e-01
1.705285310745239258e-01
-2.471554577350616455e-01
-1.359981596469879150e-01
1.406352967023849487e-01
-8.223859965801239014e-02
-2.032855153083801270e-01
-3.513967692852020264e-01
6.210719048976898193e-02
4.276751279830932617e-01
1.853371709585189819e-01
-1.986494213342666626e-01
5.989217758178710938e-02
-1.731803081929683685e-02
-6.501643359661102295e-02
1.684912443161010742e-01
5.982964113354682922e-02
-1.270579546689987183e-02
-1.322599053382873535e-01
-1.673215925693511963e-01
1.380346715450286865e-03
3.175962865352630615e-01
-1.798533461987972260e-02
-3.261716291308403015e-02
2.289563417434692383e-01
1.207169443368911743e-01
-5.699130147695541382e-02
2.972812578082084656e-02
9.198437631130218506e-02
2.887722663581371307e-02
-7.814176380634307861e-03
-1.058966964483261108e-01
6.406457722187042236e-02
-3.621477261185646057e-02
-7.140623033046722412e-02
-2.992561459541320801e-02
1.470728218555450439e-01
-1.943718791007995605e-01
2.731373906135559082e-01
3.460517525672912598e-02
-5.461008846759796143e-02
-2.686019428074359894e-02
-9.122198447585105896e-03
-9.587110579013824463e-02
3.444802016019821167e-03
2.056303918361663818e-01
-3.033987283706665039e-01
2.078598141670227051e-01
1.359459161758422852e-01
1.145725995302200317e-01
1.430571079254150391e-01
6.629361957311630249e-02
1.231209039688110352e-01
-9.981391951441764832e-03
-7.622761279344558716e-02
-1.878259181976318359e-01
-1.251199394464492798e-01
-4.899129271507263184e-02
-7.602792233228683472e-02
2.088870480656623840e-02
1.372176259756088257e-01
