-4.648093506693840027e-02
1.267670094966888428e-01
1.045592278242111206e-01
-8.066423237323760986e-02
-1.920007169246673584e-01
3.687183558940887451e-02
-4.976407438516616821e-02
-1.277471482753753662e-01
1.470651924610137939e-01
-1.473552882671356201e-01
1.434727609157562256e-01
-3.572033718228340149e-02
-1.512384116649627686e-01
1.559527218341827393e-01
-3.164888918399810791e-02
1.929724216461181641e-01
-1.782584786415100098e-01
-1.032937690615653992e-01
-1.338242292404174805e-01
-1.663122475147247314e-01
-5.033808201551437378e-02
1.022115647792816162e-01
-1.144096255302429199e-02
8.997739851474761963e-02
-2.507118582725524902e-01
-2.834147810935974121e-01
-3.156383335590362549e-02
-5.019625276327133179e-02
6.953308731317520142e-02
-8.691464364528656006e-02
-1.827061548829078674e-02
1.083955168724060059e-01
-1.029447838664054871e-01
1.189009100198745728e-01
7.296077162027359009e-02
8.586116135120391846e-02
-3.483920544385910034e-02
-8.348996937274932861e-02
1.461772471666336060e-01
9.760534390807151794e-03
-2.234073132276535034e-01
-2.228844165802001953e-02
1.209768056869506836e-01
2.664824724197387695e-01
2.208822816610336304e-01
-3.026952967047691345e-03
8.319168537855148315e-02
-6.702299416065216064e-02
1.241672188043594360e-01
-2.683000266551971436e-01
1.827557757496833801e-02
8.213282376527786255e-02
-1.372285187244415283e-03
9.468032419681549072e-02
7.738675177097320557e-02
-1.496405601501464844e-01
-5.657984688878059387e-02
1.168712154030799866e-01
-8.924223482608795166e-02
4.654571786522865295e-02
9.504023194313049316e-02
-5.273774266242980957e-02
-7.625903189182281494e-02
-1.168863996863365173e-01
2.723513543605804443e-01
1.123037040233612061e-01
-1.714245080947875977e-01
-1.765143126249313354e-01
1.750941574573516846e-01
-2.165377587080001831e-01
-1.300599873065948486e-01
6.016317382454872131e-02
-8.586719632148742676e-02
-1.124510765075683594e-01
-2.512315213680267334e-01
1.992527395486831665e-04
4.146901369094848633e-01
1.655823290348052979e-01
-1.600761860609054565e-01
1.330114901065826416e-03
-3.312116116285324097e-02
-3.152642771601676941e-02
1.288200169801712036e-02
1.473181843757629395e-01
-4.161673039197921753e-02
-3.206748142838478088e-02
-3.634045831859111786e-03
7.302916795015335083e-02
3.153724074363708496e-01
-6.526931375265121460e-02
4.333449900150299072e-02
2.427406311035156250e-01
4.015895724296569824e-02
-4.479262232780456543e-02
-1.041645631194114685e-01
7.621955126523971558e-02
-1.947955489158630371e-01
1.611154153943061829e-02
-7.773396372795104980e-02
-3.600306808948516846e-02
3.964290022850036621e-02
4.495557770133018494e-02
2.552781626582145691e-02
2.144918143749237061e-01
-2.679851353168487549e-01
3.210964500904083252e-01
-6.747135519981384277e-02
-4.090016335248947144e-02
5.957752838730812073e-02
8.447836339473724365e-02
-6.749767810106277466e-02
-7.279279828071594238e-02
2.044379115104675293e-01
-2.526747882366180420e-01
7.446625083684921265e-02
2.219729423522949219e-01
5.915623903274536133e-02
8.243786543607711792e-02
9.412814863026142120e-03
6.902164965867996216e-02
8.159258961677551270e-02
6.887608766555786133e-02
-1.880263984203338623e-01
-8.810155093669891357e-02
3.818675503134727478e-02
-2.007237672805786133e-01
-9.634163975715637207e-02
4.098498821258544922e-02
