-9.980139881372451782e-02
4.088699072599411011e-02
7.024343311786651611e-02
-1.171592399477958679e-01
-2.178370058536529541e-01
-3.697866573929786682e-02
-5.411178246140480042e-02
1.477172225713729858e-02
2.312790602445602417e-01
-1.041937172412872314e-01
1.233037188649177551e-01
4.025585949420928955e-02
-2.291792333126068115e-01
-4.324463009834289551e-02
-2.475237473845481873e-02
2.124893665313720703e-01
-2.125729173421859741e-01
-1.807993352413177490e-01
-1.010929644107818604e-01
-7.634375244379043579e-02
6.465986371040344238e-03
4.883430153131484985e-02
4.450471326708793640e-02
1.805640012025833130e-02
-2.286746948957443237e-01
-3.377191424369812012e-01
-4.361674934625625610e-02
-1.207770258188247681e-01
-6.561058014631271362e-02
-8.056682348251342773e-02
5.890546739101409912e-02
1.076436489820480347e-01
-1.336568146944046021e-01
-7.055793702602386475e-02
5.743349343538284302e-02
6.100889667868614197e-02
-7.661978900432586670e-02
-1.381507962942123413e-01
2.184962183237075806e-01
4.122905433177947998e-02
-2.539941966533660889e-01
-9.064333885908126831e-02
1.130810752511024475e-01
2.766784429550170898e-01
2.891023457050323486e-01
4.103957861661911011e-02
1.182269677519798279e-01
-2.224920317530632019e-02
2.092177271842956543e-01
-4.209740757942199707e-01
3.675864636898040771e-02
8.311266452074050903e-02
4.740779474377632141e-02
2.556552924215793610e-02
1.499410271644592285e-01
-1.400248408317565918e-01
3.976128995418548584e-02
2.086692750453948975e-01
-2.307361066341400146e-01
1.153416037559509277e-01
5.716610699892044067e-02
-1.918272972106933594e-01
-7.590458542108535767e-02
-1.070068702101707458e-01
3.364025056362152100e-01
9.988632798194885254e-02
-1.652000844478607178e-01
-1.522563993930816650e-01
2.996964454650878906e-01
-1.608088314533233643e-01
-1.517877876758575439e-01
9.318855404853820801e-02
-9.058059751987457275e-02
-1.692723035812377930e-01
-3.703066706657409668e-01
-7.202025502920150757e-02
4.048548340797424316e-01
1.848058104515075684e-01
-1.118265986442565918e-01
6.515432149171829224e-02
-8.824135363101959229e-02
5.356881767511367798e-03
-9.166022390127182007e-02
2.034364789724349976e-01
-2.254176884889602661e-03
-2.710922807455062866e-02
-9.542097896337509155e-02
-4.780988395214080811e-02
2.918467521667480469e-01
-3.028460592031478882e-02
-3.233421966433525085e-02
2.751978039741516113e-01
5.797919631004333496e-02
-2.799426391720771790e-02
-2.715068310499191284e-02
1.145951449871063232e-02
-1.488294899463653564e-01
-5.534849315881729126e-02
-1.108352839946746826e-01
-4.736450687050819397e-02
5.319580435752868652e-02
-4.717582091689109802e-02
5.965348333120346069e-03
1.347086131572723389e-01
-1.825268864631652832e-01
1.987802237272262573e-01
-1.229261755943298340e-01
5.637930706143379211e-03
-6.646961718797683716e-02
-1.027766019105911255e-01
-3.624865040183067322e-02
2.647515386343002319e-02
1.665300279855728149e-01
-2.657977938652038574e-01
1.433301866054534912e-01
1.837859451770782471e-01
8.778235316276550293e-02
1.704108715057373047e-01
5.734022706747055054e-02
1.113890297710895538e-02
2.303729578852653503e-02
-3.657253831624984741e-02
-2.218800038099288940e-01
-1.228674799203872681e-01
-7.868432439863681793e-03
-1.037536710500717163e-01
7.346184551715850830e-02
1.378877311944961548e-01
