-1.291517913341522217e-01
-2.866407856345176697e-02
4.775442928075790405e-02
-2.759753912687301636e-02
-1.208398640155792236e-01
-2.338060364127159119e-02
2.769932895898818970e-02
-5.567162483930587769e-02
1.536865383386611938e-01
-1.023215129971504211e-01
1.856515258550643921e-01
-8.776743710041046143e-02
-1.954399496316909790e-01
-4.416495189070701599e-02
-5.785456299781799316e-02
2.192213237285614014e-01
-1.584339141845703125e-01
-1.394928693771362305e-01
1.093747746199369431e-02
3.654707223176956177e-03
-2.248350158333778381e-02
-1.292487047612667084e-02
8.818913251161575317e-03
1.430067569017410278e-01
-1.226209700107574463e-01
-4.306189715862274170e-01
-1.132075637578964233e-01
-1.195920258760452271e-01
-9.842671453952789307e-02
-4.578690975904464722e-02
-3.033849224448204041e-02
2.347023636102676392e-01
-2.144853323698043823e-01
-2.818069234490394592e-02
-4.272930324077606201e-03
4.333950206637382507e-02
-1.909505575895309448e-03
-1.093003526329994202e-02
1.400619447231292725e-01
6.647785753011703491e-02
-2.298076897859573364e-01
-9.557785093784332275e-02
1.108516678214073181e-01
3.197834193706512451e-01
1.057685241103172302e-01
-6.038408726453781128e-02
4.398948512971401215e-04
6.200151890516281128e-02
-1.738815382122993469e-02
-2.377372384071350098e-01
-6.470009684562683105e-02
1.009745597839355469e-01
1.020594835281372070e-01
3.812650218605995178e-02
-1.397126726806163788e-02
-1.039376556873321533e-01
3.752068057656288147e-02
-4.666430875658988953e-03
-1.104706153273582458e-01
4.383972287178039551e-02
7.599931210279464722e-03
-1.170351877808570862e-01
-5.788371339440345764e-02
-3.408099710941314697e-02
2.762326598167419434e-01
8.380828797817230225e-02
-1.057154610753059387e-01
-6.939342617988586426e-02
1.671095788478851318e-01
-1.158210039138793945e-01
1.357863470911979675e-02
1.147415675222873688e-02
-1.742265820503234863e-01
-2.034761756658554077e-01
-2.905112504959106445e-01
6.771367043256759644e-04
3.586094379425048828e-01
8.294777572154998779e-02
-1.861011683940887451e-01
5.027780309319496155e-02
-1.110859513282775879e-01
1.766933128237724304e-02
2.369747310876846313e-02
1.482456177473068237e-01
-1.116130128502845764e-02
8.604124188423156738e-02
-7.717384397983551025e-02
7.343158870935440063e-02
1.485143005847930908e-01
-4.722126200795173645e-02
1.021016389131546021e-02
2.147701233625411987e-01
-1.251785084605216980e-02
1.671408303081989288e-03
5.577909201383590698e-02
1.803966611623764038e-02
-4.040912725031375885e-03
-2.850436419248580933e-02
-1.762708425521850586e-01
5.068273097276687622e-02
-1.574329286813735962e-02
-8.183316141366958618e-02
-3.707348555326461792e-02
9.861171245574951172e-02
-2.011670172214508057e-01
7.476551085710525513e-02
6.136078387498855591e-02
-5.849029868841171265e-02
1.108147203922271729e-02
1.026735603809356689e-01
-1.411513090133666992e-01
-1.294518709182739258e-01
1.015758886933326721e-01
-2.069757878780364990e-01
1.038699746131896973e-01
1.880522817373275757e-01
-1.272158697247505188e-03
1.407693922519683838e-01
1.932720467448234558e-02
6.962180137634277344e-02
-7.267934828996658325e-02
-5.409995466470718384e-02
-1.049859970808029175e-01
-1.047557964920997620e-02
1.196052208542823792e-01
-6.950891017913818359e-02
-4.445975273847579956e-02
-1.171077042818069458e-02
