-2.179009020328521729e-01
5.659422278404235840e-02
3.732000291347503662e-02
-3.955036774277687073e-02
-2.279475703835487366e-02
-1.145510282367467880e-02
2.522400021553039551e-02
-1.263136044144630432e-02
1.203441992402076721e-01
-9.274279326200485229e-02
2.189495712518692017e-01
3.260983899235725403e-02
-1.954017281532287598e-01
-2.048634365200996399e-02
-4.850925132632255554e-02
1.126799434423446655e-01
-1.459460556507110596e-01
-1.858659237623214722e-01
-2.163180336356163025e-02
-9.034249186515808105e-02
1.005819588899612427e-01
8.110745251178741455e-02
-4.978950321674346924e-02
4.892566800117492676e-02
-1.337480247020721436e-01
-3.154586851596832275e-01
-1.017907485365867615e-01
-1.040055379271507263e-01
1.287956349551677704e-02
-1.261973828077316284e-01
8.539661020040512085e-02
3.989481925964355469e-02
-1.623837500810623169e-01
-1.533780992031097412e-02
5.207709968090057373e-02
2.566475793719291687e-02
-9.779848158359527588e-03
-4.813019931316375732e-02
1.767143011093139648e-01
-1.036560162901878357e-03
-8.907569944858551025e-02
2.295101433992385864e-02
1.388619840145111084e-01
3.863044679164886475e-01
8.730901777744293213e-02
5.427110940217971802e-02
-3.697752207517623901e-02
-7.419741153717041016e-02
9.216199815273284912e-02
-2.339313179254531860e-01
2.255040779709815979e-02
1.174258962273597717e-01
3.721436113119125366e-02
1.092982441186904907e-01
7.485383749008178711e-02
-1.004080623388290405e-01
7.854989171028137207e-02
3.651449829339981079e-02
-2.442402392625808716e-01
8.099810779094696045e-02
-2.282326668500900269e-02
9.108036756515502930e-04
5.574367940425872803e-03
-3.117454424500465393e-02
1.658500730991363525e-01
6.968413293361663818e-02
-9.551762044429779053e-02
-1.544712036848068237e-01
1.108762621879577637e-01
-1.882515251636505127e-01
-7.038278877735137939e-02
6.312348693609237671e-02
-1.181620806455612183e-01
-1.641191840171813965e-01
-2.392033636569976807e-01
3.505734354257583618e-02
3.571460843086242676e-01
1.487663388252258301e-01
-7.643713057041168213e-02
8.785101771354675293e-02
-1.485049631446599960e-02
-6.792119145393371582e-02
5.881121009588241577e-02
3.487258031964302063e-02
-1.346397250890731812e-01
-1.292436197400093079e-02
-8.949355036020278931e-02
1.048581153154373169e-01
2.163294851779937744e-01
8.346894383430480957e-02
-7.412305474281311035e-02
1.808103322982788086e-01
2.865620702505111694e-02
-3.018954768776893616e-02
7.982636988162994385e-02
9.999393671751022339e-02
-1.252759248018264771e-01
-4.184435307979583740e-02
-1.816529333591461182e-01
-5.993361026048660278e-02
-2.147957682609558105e-02
-9.957839734852313995e-03
6.240013986825942993e-03
1.816111207008361816e-01
-1.476805061101913452e-01
1.317741572856903076e-01
-1.351544260978698730e-02
-4.412188753485679626e-02
-8.474507182836532593e-02
1.099168881773948669e-01
-1.386653929948806763e-01
-3.046447783708572388e-02
1.812339201569557190e-02
-1.815068870782852173e-01
1.462692916393280029e-01
1.576253026723861694e-01
7.138840109109878540e-02
9.782741963863372803e-02
5.963945388793945312e-02
-2.875894680619239807e-02
-4.315993189811706543e-02
-2.005156129598617554e-03
-1.505517810583114624e-01
-6.570684164762496948e-02
5.566284805536270142e-02
3.188969939947128296e-02
6.926032155752182007e-02
-6.173679605126380920e-03
