-7.469850033521652222e-02
1.487345397472381592e-01
5.096947401762008667e-02
-6.701743602752685547e-02
-1.212153732776641846e-01
-1.680441200733184814e-02
-1.383502036333084106e-03
-1.481170803308486938e-01
2.298352420330047607e-01
-1.084658578038215637e-01
1.795971542596817017e-01
-3.112915530800819397e-02
-2.511564195156097412e-01
4.357692226767539978e-02
-4.362128674983978271e-02
2.102520763874053955e-01
-1.029802411794662476e-01
-2.123257964849472046e-01
-1.346532851457595825e-01
-8.982846513390541077e-03
-7.156275212764739990e-03
2.997340261936187744e-02
1.104609966278076172e-01
6.877145171165466309e-02
-1.105845645070075989e-01
-3.744305074214935303e-01
-6.553716957569122314e-02
-8.201923966407775879e-02
-1.775548979640007019e-02
-7.048319280147552490e-02
3.333612158894538879e-02
1.595257520675659180e-01
-1.275150775909423828e-01
-1.937251538038253784e-02
6.593848764896392822e-02
4.390336573123931885e-02
-1.372706145048141479e-01
-1.423681080341339111e-01
3.269260227680206299e-01
3.804985433816909790e-02
-2.539940476417541504e-01
-2.734837681055068970e-02
6.030572950839996338e-02
2.321580946445465088e-01
2.262420207262039185e-01
-7.983611524105072021e-02
1.128286495804786682e-01
-1.574414074420928955e-01
1.199437528848648071e-01
-2.798159420490264893e-01
4.396804794669151306e-02
1.436206102371215820e-01
5.984728410840034485e-02
1.728558242321014404e-01
6.611028313636779785e-02
-1.339720189571380615e-01
4.967578873038291931e-02
1.933299601078033447e-01
-2.215307801961898804e-01
-1.398984901607036591e-02
5.587691813707351685e-02
-6.938742101192474365e-02
-4.705948010087013245e-02
-3.218221291899681091e-02
2.414145469665527344e-01
2.086607366800308228e-01
-9.135734289884567261e-02
-1.743660122156143188e-01
2.088878899812698364e-01
-1.313150078058242798e-01
-8.992244303226470947e-02
1.273981034755706787e-01
-1.345456838607788086e-01
-1.500952392816543579e-01
-1.798014640808105469e-01
-4.566867649555206299e-02
3.679956197738647461e-01
7.883635163307189941e-02
-1.367197185754776001e-01
-2.960365079343318939e-02
-1.136497110128402710e-01
-3.467583283782005310e-02
-3.776861354708671570e-02
5.898695811629295349e-02
-7.956003397703170776e-02
-1.369442343711853027e-01
-2.966251596808433533e-02
-3.924760967493057251e-02
2.635210752487182617e-01
-1.567657664418220520e-02
-7.521933317184448242e-02
2.195834815502166748e-01
6.979741156101226807e-02
-4.586813598871231079e-02
5.285599082708358765e-02
1.026986539363861084e-01
-9.241431206464767456e-02
4.715388640761375427e-03
-1.524722874164581299e-01
-6.619641184806823730e-02
-7.313521206378936768e-02
-3.719761967658996582e-02
-4.503678902983665466e-02
1.006578058004379272e-01
-2.304264605045318604e-01
2.085556834936141968e-01
-3.221143037080764771e-02
-6.304737180471420288e-03
1.300009712576866150e-02
-4.026103764772415161e-03
-3.003367222845554352e-02
-3.275147825479507446e-02
1.265813261270523071e-01
-2.631962597370147705e-01
1.875085979700088501e-01
1.275837868452072144e-01
7.997233420610427856e-03
1.406812071800231934e-01
1.243968494236469269e-03
9.142369031906127930e-02
9.721610695123672485e-05
-4.290619865059852600e-02
-1.523528248071670532e-01
-6.964376568794250488e-02
1.184162944555282593e-01
6.897886097431182861e-02
-3.332446143031120300e-02
3.625216335058212280e-02
