-1.886751502752304077e-01
1.809858977794647217e-01
4.483154416084289551e-02
-7.682441920042037964e-02
-1.743262112140655518e-01
3.533171489834785461e-03
-1.202053353190422058e-01
-3.830014169216156006e-02
1.816096603870391846e-01
-9.144340455532073975e-02
1.951570361852645874e-01
5.067507922649383545e-02
-1.549729257822036743e-01
3.373773768544197083e-02
-6.491707265377044678e-02
1.243465915322303772e-01
-1.880784779787063599e-01
-1.322842240333557129e-01
-3.660691529512405396e-02
-7.899081707000732422e-02
3.224924579262733459e-02
8.779686689376831055e-02
3.822300583124160767e-03
1.087261289358139038e-01
-1.943598985671997070e-01
-2.708356082439422607e-01
-8.029474318027496338e-02
-7.443664968013763428e-02
1.383602470159530640e-01
-1.011582314968109131e-01
-1.121139526367187500e-02
-9.786948561668395996e-03
-2.034383416175842285e-01
-3.369693085551261902e-02
1.524676755070686340e-02
6.076223030686378479e-02
1.532159280031919479e-03
-7.128481566905975342e-02
2.409724146127700806e-01
1.243952754884958267e-02
-1.390604674816131592e-01
2.644118666648864746e-02
3.954665362834930420e-02
3.042164742946624756e-01
1.314717233180999756e-01
-2.918557822704315186e-02
9.145004302263259888e-02
-5.084686726331710815e-02
1.128042936325073242e-01
-2.529302537441253662e-01
1.727094203233718872e-01
1.513841748237609863e-01
7.961916178464889526e-02
7.428817451000213623e-02
4.600472003221511841e-02
-1.079527288675308228e-01
-2.201803401112556458e-02
2.198023200035095215e-01
-1.615319997072219849e-01
1.366800963878631592e-01
1.186276078224182129e-01
4.484298825263977051e-02
-2.795263752341270447e-02
-1.673272438347339630e-02
1.687171012163162231e-01
1.413742899894714355e-01
-1.140808239579200745e-01
-1.971355676651000977e-01
8.706890791654586792e-02
-1.679416447877883911e-01
-8.204132318496704102e-02
1.104104369878768921e-01
-5.331911891698837280e-02
-1.567319482564926147e-01
-2.802220880985260010e-01
1.160226017236709595e-01
4.241904020309448242e-01
2.498807013034820557e-01
-1.857457160949707031e-01
4.711598157882690430e-03
-4.686387628316879272e-02
-8.625042438507080078e-02
7.893319427967071533e-02
4.110996425151824951e-02
-1.154619157314300537e-01
-2.578525245189666748e-02
-1.062794327735900879e-01
1.059248745441436768e-01
2.549329996109008789e-01
9.883841127157211304e-02
-5.951466783881187439e-02
2.460175752639770508e-01
1.440349817276000977e-01
-1.242769975215196609e-02
1.586646214127540588e-02
1.397045701742172241e-01
-1.228983104228973389e-01
-1.003049090504646301e-01
-1.121612638235092163e-01
-1.166157424449920654e-02
2.277841418981552124e-02
5.795931816101074219e-02
-5.993783473968505859e-02
1.579793393611907959e-01
-1.333807557821273804e-01
2.172484397888183594e-01
-2.135433815419673920e-02
-6.569918245077133179e-02
-1.010336577892303467e-01
8.807703852653503418e-02
-1.295250058174133301e-01
-5.239444971084594727e-02
1.204695478081703186e-01
-1.670037060976028442e-01
1.138469129800796509e-01
1.050654128193855286e-01
5.404500663280487061e-02
1.507143080234527588e-01
1.194670870900154114e-01
2.249512262642383575e-02
6.023808196187019348e-02
-3.549257293343544006e-02
-5.323214083909988403e-02
-1.424136608839035034e-01
7.247857004404067993e-02
-6.137211620807647705e-02
1.293403506278991699e-01
4.793275147676467896e-02
