-6.775349378585815430e-02
-3.445454314351081848e-02
9.767167270183563232e-03
-5.086883902549743652e-02
-1.045904755592346191e-01
3.865683078765869141e-02
-6.999590992927551270e-02
-2.478281408548355103e-02
1.908671855926513672e-01
-9.056320041418075562e-02
2.544457316398620605e-01
-5.092043429613113403e-03
-2.204338759183883667e-01
-8.200085908174514771e-02
1.672833412885665894e-02
8.076377213001251221e-02
-1.003730222582817078e-01
-6.486385315656661987e-02
-4.324303008615970612e-03
-4.535957798361778259e-02
1.178046315908432007e-02
6.662235409021377563e-02
6.292048096656799316e-02
9.799825400114059448e-02
-1.389885097742080688e-01
-3.183079957962036133e-01
-9.925548732280731201e-02
-1.521865874528884888e-01
6.426855921745300293e-03
-2.152448892593383789e-01
-1.036486327648162842e-01
4.490815848112106323e-02
-1.335802525281906128e-01
-5.010347813367843628e-02
2.834491431713104248e-03
5.840917304158210754e-02
-8.620080351829528809e-02
-8.845429867506027222e-02
2.313859462738037109e-01
1.014504283666610718e-01
-1.459523588418960571e-01
-6.176633015275001526e-02
-9.263458847999572754e-02
2.563945055007934570e-01
1.322124749422073364e-01
4.517598077654838562e-03
2.440723776817321777e-02
-1.032037287950515747e-01
1.169835031032562256e-01
-1.950676292181015015e-01
8.642517030239105225e-02
1.843720525503158569e-01
6.737045943737030029e-02
3.160229325294494629e-02
3.845534473657608032e-02
-1.071150749921798706e-01
-1.859964802861213684e-02
1.402367055416107178e-01
-1.930545419454574585e-01
7.379807531833648682e-02
-2.645746059715747833e-02
-4.758413508534431458e-02
2.808718942105770111e-02
-4.372581094503402710e-02
2.528914213180541992e-01
1.248836442828178406e-01
-7.268869876861572266e-02
-1.495278924703598022e-01
2.210782170295715332e-01
-1.074793934822082520e-01
-1.195552200078964233e-01
8.050285279750823975e-02
-1.347896456718444824e-01
-2.448930293321609497e-01
-2.136267572641372681e-01
4.433103650808334351e-02
3.307726979255676270e-01
9.730715304613113403e-02
-2.106124758720397949e-01
6.008450686931610107e-02
-1.437600106000900269e-01
-1.276435703039169312e-01
3.430314362049102783e-02
1.252949535846710205e-01
-8.082631975412368774e-03
3.791179880499839783e-02
-3.472670912742614746e-02
-1.256749033927917480e-03
2.196699976921081543e-01
-4.230206087231636047e-02
-2.153128385543823242e-02
2.175428867340087891e-01
1.802141405642032623e-02
4.853087291121482849e-02
1.461663395166397095e-01
1.019053161144256592e-02
-5.780359357595443726e-02
1.842431537806987762e-02
-1.195634603500366211e-01
-2.121015265583992004e-02
5.282228812575340271e-03
-1.348051875829696655e-01
5.715642124414443970e-03
9.046628326177597046e-02
-2.067777216434478760e-01
1.924441456794738770e-01
4.289811104536056519e-02
-1.153162419795989990e-01
-9.217638522386550903e-03
-2.349839545786380768e-02
-1.188169419765472412e-01
-5.748457461595535278e-02
1.871696263551712036e-01
-3.463816642761230469e-01
2.242498844861984253e-01
1.322301626205444336e-01
1.621220409870147705e-01
2.142441868782043457e-01
8.044282905757427216e-03
9.739003330469131470e-02
-1.378539949655532837e-03
-5.648548901081085205e-02
-1.443866193294525146e-01
-3.219717368483543396e-02
6.151759251952171326e-02
2.945968694984912872e-02
1.402009278535842896e-03
4.879443347454071045e-02
