-1.595245152711868286e-01
-1.070593949407339096e-02
3.327471390366554260e-02
-5.059698224067687988e-02
-1.562780439853668213e-01
5.491781979799270630e-02
4.061174020171165466e-02
-9.426208585500717163e-02
2.194757163524627686e-01
-1.474061310291290283e-01
2.072577029466629028e-01
-6.006649136543273926e-02
-2.855346798896789551e-01
1.140317171812057495e-01
-1.355683952569961548e-01
2.082874774932861328e-01
-8.425202965736389160e-02
-1.317777186632156372e-01
-1.460476666688919067e-01
-7.169139385223388672e-02
-4.411540925502777100e-02
2.688400633633136749e-02
-5.390954390168190002e-02
1.308554410934448242e-01
-9.356661140918731689e-02
-3.001511394977569580e-01
-1.034405529499053955e-01
-1.175874322652816772e-01
-3.810603171586990356e-03
-2.496785297989845276e-02
-3.686174750328063965e-03
6.197466701269149780e-02
-1.289631575345993042e-01
-5.604848265647888184e-02
8.218079060316085815e-02
5.794944614171981812e-02
-3.141013532876968384e-02
-1.791670918464660645e-01
2.629984915256500244e-01
-1.531442068517208099e-02
-2.407525330781936646e-01
-7.683371007442474365e-02
1.455333232879638672e-01
2.951700389385223389e-01
7.398017495870590210e-02
-3.491243720054626465e-02
4.602931067347526550e-02
-4.947746172547340393e-02
1.284835636615753174e-01
-3.217526674270629883e-01
2.731176093220710754e-02
9.803900867700576782e-02
1.185674518346786499e-01
6.753727793693542480e-02
8.761104941368103027e-02
-1.781565845012664795e-01
9.245756268501281738e-02
1.365465223789215088e-01
-1.761765182018280029e-01
6.500710546970367432e-02
8.318755030632019043e-02
-6.601855158805847168e-02
-2.873561903834342957e-02
-4.182415083050727844e-02
2.022387534379959106e-01
1.448386013507843018e-01
-7.339638471603393555e-02
-1.830580085515975952e-01
2.616450190544128418e-01
-1.991034001111984253e-01
1.759281754493713379e-02
1.145704314112663269e-01
-1.312741339206695557e-01
-2.308233976364135742e-01
-2.071410268545150757e-01
1.973746344447135925e-03
5.257545113563537598e-01
2.633551955223083496e-01
-9.672750532627105713e-02
5.431409180164337158e-02
-1.077733710408210754e-01
-1.309566944837570190e-02
5.580075830221176147e-02
7.771199196577072144e-02
5.908668041229248047e-03
-1.447986811399459839e-02
-7.693137228488922119e-02
3.326233476400375366e-02
2.746408581733703613e-01
-1.275669969618320465e-02
-5.827791988849639893e-03
2.486113011837005615e-01
6.835953891277313232e-02
-1.323167979717254639e-01
2.981539629399776459e-02
5.559068545699119568e-02
-9.532638639211654663e-02
-3.276404738426208496e-02
-1.036284267902374268e-01
8.043821901082992554e-03
4.609153792262077332e-02
-3.972312435507774353e-03
8.637546002864837646e-02
8.253183960914611816e-02
-2.708652317523956299e-01
1.322504132986068726e-01
-6.877984106540679932e-02
-4.819234088063240051e-02
2.370323985815048218e-02
3.510162979364395142e-02
-8.398173004388809204e-02
-2.377342432737350464e-03
2.079403251409530640e-01
-2.462024390697479248e-01
7.903916388750076294e-02
1.158048138022422791e-01
1.644582301378250122e-02
1.334797143936157227e-01
2.645100653171539307e-02
5.837577581405639648e-02
4.880193993449211121e-02
-7.772347331047058105e-02
-1.884728521108627319e-01
-1.407610774040222168e-01
3.084135800600051880e-02
-7.183919101953506470e-02
2.590405195951461792e-02
4.233027994632720947e-02
