-1.313792914152145386e-01
5.917159467935562134e-02
3.248328715562820435e-02
-7.027491182088851929e-02
-9.661729633808135986e-02
-6.981641054153442383e-02
-4.093481600284576416e-02
-2.009442895650863647e-01
1.099502146244049072e-01
-9.203416854143142700e-02
3.158283233642578125e-01
-1.340941041707992554e-01
-2.073008716106414795e-01
-1.306757032871246338e-01
-9.302113950252532959e-02
1.348239183425903320e-01
-1.939456611871719360e-01
-1.163976937532424927e-01
1.780194230377674103e-02
8.049994707107543945e-03
1.446082890033721924e-01
-1.623385399580001831e-02
2.365729957818984985e-02
4.156626760959625244e-02
-1.109557747840881348e-01
-3.383471369743347168e-01
-1.246373429894447327e-01
-8.508297055959701538e-02
5.070763826370239258e-02
-5.244906991720199585e-02
-4.123565554618835449e-02
3.363397344946861267e-02
-2.136417776346206665e-01
-7.376104593276977539e-02
2.722988277673721313e-02
9.755199402570724487e-02
-3.258288837969303131e-03
-6.128253787755966187e-02
1.429798007011413574e-01
-3.994098305702209473e-02
-2.287124991416931152e-01
5.266061052680015564e-02
6.757181882858276367e-02
2.049691528081893921e-01
1.633782535791397095e-01
9.106630086898803711e-02
-1.803363114595413208e-02
-1.471083909273147583e-01
1.299704611301422119e-01
-1.878131479024887085e-01
1.677485369145870209e-02
1.147817969322204590e-01
1.273033916950225830e-01
-7.315156981348991394e-03
1.012346148490905762e-02
-7.371351122856140137e-02
-5.273757502436637878e-03
1.068137139081954956e-01
-1.542283296585083008e-01
2.461396157741546631e-03
1.044412851333618164e-01
-9.627392888069152832e-02
-7.127606309950351715e-03
-1.146746352314949036e-01
2.020685076713562012e-01
7.344867289066314697e-02
-1.303811222314834595e-01
-1.278966367244720459e-01
1.336104571819305420e-01
-1.374926418066024780e-01
-1.011554524302482605e-01
1.121063530445098877e-01
-9.095145761966705322e-02
-1.593064963817596436e-01
-2.634967565536499023e-01
5.648454651236534119e-03
4.697198867797851562e-01
6.051162630319595337e-02
-1.674580425024032593e-01
2.477251924574375153e-02
-8.290874958038330078e-02
7.416196167469024658e-04
1.185685694217681885e-01
1.048046201467514038e-01
3.270041197538375854e-02
-1.981745660305023193e-02
-1.373553276062011719e-01
-3.771188855171203613e-02
2.493233978748321533e-01
-1.065811440348625183e-01
3.114659339189529419e-04
2.195922732353210449e-01
-2.869103476405143738e-02
1.377273201942443848e-01
-4.235645756125450134e-03
4.235295206308364868e-02
-8.819157630205154419e-02
6.320529431104660034e-02
-5.624544247984886169e-02
-1.398872584104537964e-03
1.760300062596797943e-02
4.731714725494384766e-04
-1.859246194362640381e-02
9.244753420352935791e-02
-1.404036581516265869e-01
1.148437783122062683e-01
-4.209365695714950562e-03
1.571593433618545532e-02
4.623956605792045593e-02
-6.173529475927352905e-02
-1.368606090545654297e-02
-3.263853862881660461e-02
6.005986034870147705e-02
-3.069001436233520508e-01
1.966128945350646973e-01
1.430147439241409302e-01
4.997678473591804504e-02
1.222411021590232849e-01
7.089497148990631104e-02
3.429385274648666382e-02
1.173941325396299362e-02
-4.945399612188339233e-02
-2.199953496456146240e-01
-8.805077522993087769e-02
9.073062241077423096e-02
-6.793534755706787109e-02
6.224015727639198303e-02
-4.446527734398841858e-02
