-1.487237215042114258e-01
1.641246229410171509e-01
3.500439226627349854e-02
3.187730908393859863e-03
-1.259619891643524170e-01
1.026814877986907959e-01
-4.874088987708091736e-02
-7.396569848060607910e-02
9.872340410947799683e-02
-1.378425210714340210e-02
3.212221264839172363e-01
-1.105643808841705322e-03
-2.433217912912368774e-01
2.639928087592124939e-02
-4.842177778482437134e-02
1.654905229806900024e-01
-2.442725896835327148e-01
-5.626825243234634399e-02
-1.197738796472549438e-01
3.389077261090278625e-03
3.805541619658470154e-02
9.094742685556411743e-02
2.684717997908592224e-02
8.051905781030654907e-02
-1.860040277242660522e-01
-3.101587295532226562e-01
-6.016287207603454590e-02
-1.177718639373779297e-01
9.132546931505203247e-02
-1.202325075864791870e-01
-7.304784655570983887e-02
-4.037528112530708313e-02
-1.337910890579223633e-01
2.264555171132087708e-02
4.407413676381111145e-02
2.184897102415561676e-02
-1.792277209460735321e-02
-9.276516735553741455e-02
2.095627486705780029e-01
6.879764795303344727e-02
-2.351086437702178955e-01
6.854385137557983398e-04
9.818614274263381958e-02
2.588383555412292480e-01
1.915476322174072266e-01
-6.209595128893852234e-03
4.430261999368667603e-02
-8.903612941503524780e-02
6.198669224977493286e-02
-2.591202557086944580e-01
1.320381462574005127e-01
1.224462091922760010e-01
2.389174997806549072e-01
9.353822469711303711e-02
2.294029295444488525e-02
-1.661024540662765503e-01
-5.244068056344985962e-02
1.994035243988037109e-01
-1.780298799276351929e-01
1.033609211444854736e-01
1.171625331044197083e-01
-4.523887112736701965e-02
3.053000941872596741e-02
-5.005235970020294189e-02
1.768980175256729126e-01
1.831631064414978027e-01
-1.484449654817581177e-01
-1.627390384674072266e-01
1.368946433067321777e-01
-1.208224669098854065e-01
-1.065561100840568542e-01
1.211893782019615173e-01
-9.162887185811996460e-02
-2.269479334354400635e-01
-3.039941191673278809e-01
2.950110659003257751e-02
4.562755227088928223e-01
1.633553951978683472e-01
-1.884099990129470825e-01
-8.745893836021423340e-02
-8.921092003583908081e-02
-7.265691459178924561e-02
4.114571958780288696e-02
1.129223182797431946e-01
-7.278634607791900635e-02
-1.178161352872848511e-01
-5.477655306458473206e-02
6.081319600343704224e-02
2.502311170101165771e-01
-1.906305551528930664e-03
-1.356492750346660614e-02
2.231406271457672119e-01
2.686456218361854553e-02
-3.032756783068180084e-02
-1.650022715330123901e-02
1.160876005887985229e-01
-5.912190675735473633e-02
1.447108201682567596e-02
1.436058245599269867e-02
5.067178606986999512e-02
-1.051101908087730408e-01
-8.733968436717987061e-02
1.954634860157966614e-02
9.977453947067260742e-02
-2.168083190917968750e-01
1.513784229755401611e-01
2.699586935341358185e-02
-5.022986233234405518e-02
5.036829039454460144e-02
2.064790390431880951e-02
-6.396453082561492920e-02
2.130791544914245605e-04
1.806170046329498291e-01
-3.399676978588104248e-01
2.144200056791305542e-01
1.755470931529998779e-01
4.034076631069183350e-02
1.246410980820655823e-01
2.346850745379924774e-02
1.077385023236274719e-01
3.101101517677307129e-02
-4.603472352027893066e-02
-1.828158497810363770e-01
-7.586368173360824585e-02
4.664362967014312744e-02
-1.449579596519470215e-01
3.750159218907356262e-02
2.977371215820312500e-02
