-9.144765138626098633e-02
5.143576860427856445e-02
9.699618071317672729e-02
4.295713081955909729e-02
3.189466148614883423e-02
-1.160143688321113586e-01
7.296572625637054443e-02
-1.141375452280044556e-01
5.311754345893859863e-02
-9.953737258911132812e-03
2.926918268203735352e-01
-1.992873847484588623e-02
-1.811238974332809448e-01
-1.933875679969787598e-01
1.225378364324569702e-01
1.053063422441482544e-01
-1.724598705768585205e-01
-6.483101844787597656e-02
-1.201911121606826782e-01
-1.080972403287887573e-01
-4.239280521869659424e-02
-6.804279983043670654e-03
6.627103686332702637e-02
6.185005605220794678e-02
-5.800428241491317749e-02
-3.332770466804504395e-01
-1.037828922271728516e-01
-2.328795045614242554e-01
7.393078505992889404e-02
-3.053666278719902039e-02
-2.878037840127944946e-02
1.009592637419700623e-01
-2.015532702207565308e-01
-3.786476701498031616e-02
-1.664846390485763550e-02
-8.792910724878311157e-03
2.040402218699455261e-02
-1.864851638674736023e-02
2.505590617656707764e-01
2.190146967768669128e-02
-1.401081979274749756e-01
-8.706538379192352295e-02
-2.411872148513793945e-03
2.247347682714462280e-01
1.811820715665817261e-01
-4.115970432758331299e-02
1.548461616039276123e-02
1.409655250608921051e-02
3.850283101201057434e-02
-1.424671709537506104e-01
7.981829345226287842e-02
1.173441261053085327e-01
1.571541726589202881e-01
5.973882973194122314e-02
-1.663285493850708008e-02
-1.614786386489868164e-01
-5.151454359292984009e-03
-2.887685596942901611e-02
-1.913645118474960327e-01
1.427979208528995514e-02
2.290232479572296143e-02
-1.630919575691223145e-01
-1.415382474660873413e-01
-4.891201853752136230e-03
2.525267004966735840e-01
1.262623667716979980e-01
-6.750991940498352051e-02
-1.298390030860900879e-01
1.711891889572143555e-01
-1.506935507059097290e-01
4.479726776480674744e-03
1.224166452884674072e-01
-1.732876151800155640e-01
-1.146978288888931274e-01
-2.729275822639465332e-01
8.941435813903808594e-02
3.896635770797729492e-01
8.993488550186157227e-02
-2.279816120862960815e-01
-1.658641546964645386e-02
-2.440818548202514648e-01
-5.273720994591712952e-02
7.946456968784332275e-02
7.615131139755249023e-02
-6.809619069099426270e-02
6.738658249378204346e-02
-8.673947304487228394e-02
4.332840815186500549e-02
1.105371117591857910e-01
-4.820846021175384521e-02
-5.762374401092529297e-02
2.302995920181274414e-01
-3.743949532508850098e-02
5.389896035194396973e-02
3.818266093730926514e-02
-1.058586835861206055e-01
5.631234496831893921e-02
-5.528360977768898010e-02
-8.605638146400451660e-02
-4.870441555976867676e-02
7.089511305093765259e-02
-1.162420138716697693e-01
-9.492188692092895508e-04
6.629872322082519531e-02
-2.207531780004501343e-01
4.956122860312461853e-02
7.623776793479919434e-02
-1.070344448089599609e-02
7.465296238660812378e-02
1.483109407126903534e-02
-1.063079535961151123e-01
-1.279195696115493774e-01
1.703065335750579834e-01
-2.384034693241119385e-01
1.815237402915954590e-01
1.679666489362716675e-01
1.094324514269828796e-03
1.204329133033752441e-01
1.028262265026569366e-02
1.396950036287307739e-01
-1.010257154703140259e-01
-1.052769944071769714e-01
-1.656388342380523682e-01
5.231250822544097900e-02
1.431002020835876465e-01
4.763725772500038147e-02
2.116740494966506958e-02
2.189236693084239960e-03
