1.925745978951454163e-03
7.332111895084381104e-02
4.483468830585479736e-02
-2.222753316164016724e-02
-9.551535546779632568e-02
2.272409759461879730e-02
-8.914557099342346191e-02
-3.281110525131225586e-02
1.709820777177810669e-01
-1.001665964722633362e-01
1.980230659246444702e-01
5.815373733639717102e-03
-1.865974366664886475e-01
-3.588897734880447388e-02
-7.914140820503234863e-02
1.171238720417022705e-01
-1.818276494741439819e-01
-1.114691793918609619e-01
-3.292745724320411682e-02
-2.135671302676200867e-02
4.372639209032058716e-02
1.873470097780227661e-02
-2.427778020501136780e-02
1.428887993097305298e-02
-1.620675623416900635e-01
-3.774453997611999512e-01
-5.270080640912055969e-02
-9.156358242034912109e-02
-5.410745739936828613e-02
-1.299357414245605469e-01
-6.541412323713302612e-03
9.333647042512893677e-02
-1.812995374202728271e-01
1.084524020552635193e-02
-1.154473796486854553e-02
9.504455327987670898e-02
5.351808853447437286e-03
4.250822216272354126e-02
1.553193777799606323e-01
8.804773539304733276e-02
-1.577759087085723877e-01
2.546966634690761566e-02
2.326762303709983826e-02
3.093023002147674561e-01
1.967563629150390625e-01
1.192898601293563843e-01
1.533399708569049835e-02
-5.168308317661285400e-02
1.720257401466369629e-01
-3.237274587154388428e-01
1.045247465372085571e-01
1.436677426099777222e-01
4.850721359252929688e-02
1.086254417896270752e-02
1.078159436583518982e-01
-1.341564357280731201e-01
-7.336397469043731689e-02
9.610054641962051392e-02
-1.161067560315132141e-01
1.180921643972396851e-01
3.096098825335502625e-02
2.117804437875747681e-02
1.111730933189392090e-03
-9.702820330858230591e-02
2.445470392704010010e-01
9.104908257722854614e-02
-1.444089710712432861e-01
-5.047879368066787720e-02
8.370620757341384888e-02
-1.748670041561126709e-01
-9.733325242996215820e-02
-5.880593322217464447e-03
-1.062444075942039490e-01
-1.841165423393249512e-01
-3.790177404880523682e-01
4.782738164067268372e-02
4.371236562728881836e-01
1.395455747842788696e-01
-1.705107390880584717e-01
-1.614354737102985382e-02
-3.250605612993240356e-02
-4.776053503155708313e-02
1.128568872809410095e-01
6.099537760019302368e-02
-7.596071064472198486e-02
2.264063432812690735e-02
-1.006422787904739380e-01
5.698654055595397949e-02
2.725301086902618408e-01
-5.580933764576911926e-03
-4.079819470643997192e-02
2.074797153472900391e-01
-8.071099221706390381e-02
9.018722921609878540e-02
-5.436233058571815491e-02
1.310149580240249634e-02
-1.122083961963653564e-01
-1.194384507834911346e-02
-1.948178112506866455e-01
-2.399680390954017639e-02
2.893874188885092735e-03
-4.764134064316749573e-03
-3.827557340264320374e-02
1.454661637544631958e-01
-1.581975221633911133e-01
7.406967878341674805e-02
-2.860290929675102234e-02
-3.591518476605415344e-02
-1.602341234683990479e-02
6.148995459079742432e-02
-2.347076982259750366e-01
-5.873553454875946045e-02
1.810080558061599731e-01
-1.970996856689453125e-01
1.675610840320587158e-01
1.547010540962219238e-01
6.272594630718231201e-02
9.278071671724319458e-02
1.366054266691207886e-01
1.233067363500595093e-02
-6.555981934070587158e-03
-2.230282500386238098e-02
-1.635878533124923706e-01
-5.642689019441604614e-02
5.268821492791175842e-02
-1.287638023495674133e-02
4.945059865713119507e-02
-8.422873914241790771e-03
