-1.703758686780929565e-01
1.007368192076683044e-01
7.312901318073272705e-02
-9.415198862552642822e-02
-1.176078915596008301e-01
-1.680492982268333435e-02
5.813751369714736938e-03
-1.246804744005203247e-01
1.662181913852691650e-01
-5.233621969819068909e-02
2.861347496509552002e-01
-1.170375794172286987e-01
-2.758171558380126953e-01
-5.100008100271224976e-02
-1.467589288949966431e-01
1.052911877632141113e-01
-1.208719387650489807e-01
-1.058131605386734009e-01
2.276086062192916870e-02
-6.507454439997673035e-03
5.511558055877685547e-02
-2.145108394324779510e-02
-2.758260816335678101e-03
7.472565770149230957e-02
-9.464454650878906250e-02
-3.326471447944641113e-01
-8.970020711421966553e-02
-5.424015596508979797e-02
-4.644411802291870117e-02
-1.121851801872253418e-01
5.440431647002696991e-03
9.751129150390625000e-02
-2.030780762434005737e-01
-9.027479588985443115e-02
1.460114121437072754e-02
6.448339670896530151e-02
-2.997577935457229614e-02
-4.789058119058609009e-02
2.113639563322067261e-01
-5.065769702196121216e-02
-1.425330191850662231e-01
-5.994643270969390869e-02
9.679267555475234985e-02
2.827160060405731201e-01
6.792880594730377197e-02
5.264333635568618774e-02
-3.096601553261280060e-02
-1.127577945590019226e-01
1.012140363454818726e-01
-2.464829236268997192e-01
1.013302952051162720e-01
1.376837641000747681e-01
1.146459579467773438e-01
4.550911486148834229e-03
3.822239488363265991e-02
-1.383848488330841064e-01
-7.410608232021331787e-04
1.917630881071090698e-01
-1.670146137475967407e-01
7.317522168159484863e-02
6.088270246982574463e-02
-5.111355334520339966e-02
1.005783304572105408e-02
-9.498155862092971802e-02
2.253578454256057739e-01
7.994697988033294678e-02
-1.318767964839935303e-01
-1.102368254214525223e-02
1.729600131511688232e-01
-5.642566457390785217e-02
3.373391926288604736e-03
4.775278270244598389e-02
-7.297182083129882812e-02
-2.491039186716079712e-01
-2.424992620944976807e-01
1.230165883898735046e-01
4.717568159103393555e-01
1.735351234674453735e-01
-1.441929191350936890e-01
-1.259931549429893494e-02
-1.076778396964073181e-01
-5.685070902109146118e-02
3.288558870553970337e-02
3.097148612141609192e-02
-1.451588571071624756e-01
5.566999316215515137e-04
-9.569859504699707031e-02
4.594201222062110901e-02
1.937156021595001221e-01
3.635321184992790222e-02
-2.063889056444168091e-02
2.569820284843444824e-01
3.341380506753921509e-03
3.663704916834831238e-02
2.278257906436920166e-02
1.686060056090354919e-02
-9.033736586570739746e-02
1.554073952138423920e-02
-1.682897210121154785e-01
1.404585316777229309e-02
6.423861719667911530e-03
-1.083286032080650330e-01
-8.416213095188140869e-04
1.502302885055541992e-01
-2.356676310300827026e-01
5.955781042575836182e-02
3.535382822155952454e-02
-7.665804028511047363e-02
-1.386769115924835205e-02
4.704315215349197388e-03
-8.629386126995086670e-02
-6.154070794582366943e-02
1.170291900634765625e-01
-2.793269455432891846e-01
1.199285537004470825e-01
9.481625258922576904e-02
1.236465796828269958e-01
2.141164839267730713e-01
1.053876280784606934e-01
2.524562925100326538e-02
8.111310005187988281e-02
-1.150014549493789673e-01
-9.407266974449157715e-02
-5.017461627721786499e-02
1.656575500965118408e-01
-2.152707055211067200e-02
1.092008948326110840e-01
3.388631343841552734e-02
