-3.773024305701255798e-02
1.176235228776931763e-01
8.724906295537948608e-02
-4.851373657584190369e-02
-1.300100088119506836e-01
3.308713436126708984e-02
-1.266736835241317749e-01
-6.757671386003494263e-02
2.434488534927368164e-01
-1.258135288953781128e-01
2.036315202713012695e-01
1.801884174346923828e-02
-2.420362979173660278e-01
5.893171951174736023e-02
-1.106269434094429016e-01
2.124000787734985352e-01
-2.512421905994415283e-01
-1.611228734254837036e-01
2.165822312235832214e-03
1.697648316621780396e-03
1.793845742940902710e-02
8.612207323312759399e-02
1.394530385732650757e-02
4.313126951456069946e-02
-1.730895340442657471e-01
-4.011876881122589111e-01
-1.494649611413478851e-02
-9.762364625930786133e-02
1.769410632550716400e-02
-1.382638067007064819e-01
-6.574355810880661011e-02
5.507295951247215271e-02
-1.526247411966323853e-01
3.760451823472976685e-02
3.102454543113708496e-02
9.787838160991668701e-02
-6.131129339337348938e-02
-1.101612150669097900e-01
1.355005502700805664e-01
5.066611617803573608e-02
-2.948562204837799072e-01
-1.145902127027511597e-01
3.231904655694961548e-02
2.428111135959625244e-01
2.130383253097534180e-01
-4.021053388714790344e-02
2.311433199793100357e-03
-1.383239328861236572e-01
1.079563498497009277e-01
-2.856072485446929932e-01
1.516730338335037231e-02
1.200829297304153442e-01
6.616435945034027100e-02
1.501294374465942383e-01
2.030369639396667480e-02
-1.430450528860092163e-01
1.018468290567398071e-02
8.996217697858810425e-02
-1.514890342950820923e-01
-5.378113687038421631e-02
6.206350401043891907e-02
-5.169706046581268311e-02
-2.605361118912696838e-02
-8.043056726455688477e-02
2.491596788167953491e-01
1.011180728673934937e-01
-1.385435163974761963e-01
-1.485491096973419189e-01
1.560759693384170532e-01
-1.792180091142654419e-01
-1.480953842401504517e-01
3.709806129336357117e-02
-3.501514345407485962e-02
-1.658714413642883301e-01
-2.810011804103851318e-01
-9.375758469104766846e-02
3.305727541446685791e-01
1.381063759326934814e-01
-1.810914278030395508e-01
4.959394037723541260e-02
-4.775308072566986084e-02
-6.206257641315460205e-02
-3.379444032907485962e-02
1.769650876522064209e-01
-5.031018331646919250e-02
1.248773410916328430e-01
-4.378589987754821777e-02
3.149347752332687378e-02
2.029944509267807007e-01
-3.960199281573295593e-02
4.235427826642990112e-02
2.350885272026062012e-01
-2.767546847462654114e-02
8.283269405364990234e-02
6.146954745054244995e-02
1.239792704582214355e-01
-1.380266249179840088e-01
4.544460028409957886e-02
-1.382272988557815552e-01
-7.906751334667205811e-02
5.073978379368782043e-02
3.035041503608226776e-02
7.166843861341476440e-03
1.597875058650970459e-01
-2.060186564922332764e-01
2.797702252864837646e-01
7.818657904863357544e-04
5.202813073992729187e-03
1.308221668004989624e-01
6.401319056749343872e-03
4.949454218149185181e-03
-8.617559075355529785e-02
1.820367425680160522e-01
-2.409888207912445068e-01
1.498588472604751587e-01
1.466262638568878174e-01
8.017158508300781250e-02
1.584585756063461304e-01
2.904630638659000397e-02
5.093673989176750183e-02
-5.620421469211578369e-02
-7.209566235542297363e-02
-2.587468326091766357e-01
-3.665966540575027466e-02
1.872674562036991119e-02
-1.275213211774826050e-01
-3.036794811487197876e-02
1.890828832983970642e-02
