-8.484613895416259766e-02
3.098791465163230896e-02
5.773670971393585205e-02
-7.211293280124664307e-02
-1.563468575477600098e-01
-5.420933011919260025e-03
3.344597667455673218e-02
-3.635240346193313599e-02
1.597569137811660767e-01
-1.761174201965332031e-01
2.439381480216979980e-01
-5.412586405873298645e-02
-2.367160767316818237e-01
1.081510558724403381e-01
-9.870541095733642578e-02
2.092908918857574463e-01
-9.861273318529129028e-02
-1.110972389578819275e-01
-1.381357610225677490e-01
-1.112627834081649780e-01
1.934077590703964233e-02
5.789052322506904602e-02
-4.778634756803512573e-02
5.697222054004669189e-02
-1.178099438548088074e-01
-2.527856528759002686e-01
-5.622024834156036377e-02
-2.401601895689964294e-02
9.479121863842010498e-02
-8.849447965621948242e-02
4.918836057186126709e-02
1.034546121954917908e-01
-5.955041944980621338e-02
8.462904393672943115e-02
1.210103183984756470e-01
1.606152579188346863e-02
-4.197637736797332764e-02
-8.940179646015167236e-02
2.700810730457305908e-01
-1.036182232201099396e-02
-2.087879776954650879e-01
-4.262460395693778992e-03
5.420155078172683716e-02
2.693844139575958252e-01
1.529973149299621582e-01
1.719173043966293335e-03
4.615924879908561707e-02
-1.279268562793731689e-01
1.274925023317337036e-01
-3.002804219722747803e-01
3.383075818419456482e-04
1.191262230277061462e-01
-3.402512520551681519e-03
6.831613928079605103e-02
6.622236967086791992e-02
-2.297527194023132324e-01
2.359279990196228027e-02
1.756660640239715576e-01
-1.777734011411666870e-01
4.796876385807991028e-02
-1.502060797065496445e-02
-1.463404446840286255e-01
-7.467453926801681519e-02
-2.246168628334999084e-02
1.886210739612579346e-01
7.571735978126525879e-02
-1.693573296070098877e-01
-1.968302130699157715e-01
2.180424332618713379e-01
-1.807943582534790039e-01
7.569480687379837036e-03
1.091653406620025635e-01
-1.144405752420425415e-01
-1.501690745353698730e-01
-2.301743328571319580e-01
1.425414159893989563e-02
4.649024605751037598e-01
1.419289857149124146e-01
-1.524711102247238159e-01
7.242381572723388672e-02
-1.789071038365364075e-02
2.478356473147869110e-02
6.655791401863098145e-02
1.034144610166549683e-01
-1.037609800696372986e-01
-1.201562657952308655e-01
-9.844560921192169189e-02
2.659332007169723511e-03
1.930479854345321655e-01
-5.712546780705451965e-02
-4.223616421222686768e-02
1.874537914991378784e-01
1.951316557824611664e-02
-4.526048153638839722e-02
5.317766219377517700e-03
1.026044264435768127e-01
-1.788618862628936768e-01
-8.360247313976287842e-02
-6.579733639955520630e-02
-9.904952347278594971e-02
6.774511933326721191e-02
-5.539594218134880066e-02
1.758689060807228088e-02
1.643615067005157471e-01
-2.313981354236602783e-01
2.296369373798370361e-01
-1.092673093080520630e-01
-3.369141742587089539e-02
-1.169598847627639771e-02
4.145077615976333618e-02
-1.470067724585533142e-02
2.121951803565025330e-02
1.316835582256317139e-01
-2.395095825195312500e-01
1.555605828762054443e-01
1.739851087331771851e-01
3.522717207670211792e-02
1.634321957826614380e-01
8.141016960144042969e-02
3.698860108852386475e-02
2.227183990180492401e-02
1.310884207487106323e-02
-1.263460516929626465e-01
-1.129283159971237183e-01
-1.166303548961877823e-02
-3.059482760727405548e-02
3.432889282703399658e-02
-1.515204086899757385e-02
