-6.963193416595458984e-02
8.901034295558929443e-02
2.313248068094253540e-02
-5.112242698669433594e-02
-1.939015984535217285e-01
-2.530850842595100403e-02
-3.042400628328323364e-02
-1.139263808727264404e-01
1.843211501836776733e-01
-2.630425393581390381e-01
1.986273378133773804e-01
-5.860754474997520447e-02
-1.851786375045776367e-01
1.339477300643920898e-01
-7.273882627487182617e-02
2.391274869441986084e-01
-1.317335069179534912e-01
-1.050544530153274536e-01
-9.837519377470016479e-02
-1.801162958145141602e-01
4.442336410284042358e-02
2.482723072171211243e-02
9.672489017248153687e-03
1.339163482189178467e-01
-2.036785185337066650e-01
-2.997334599494934082e-01
-2.017883583903312683e-02
-2.271037362515926361e-02
-1.043319702148437500e-01
-7.643602043390274048e-02
5.759579688310623169e-02
1.286096274852752686e-01
-1.741975843906402588e-01
4.544485732913017273e-02
-1.619795337319374084e-02
8.948253095149993896e-02
-4.273577034473419189e-02
-8.973557502031326294e-02
2.050175666809082031e-01
2.876099199056625366e-02
-2.402670085430145264e-01
5.678006261587142944e-02
3.456414490938186646e-02
2.955463826656341553e-01
1.309973597526550293e-01
-5.134385824203491211e-02
5.662939324975013733e-02
-1.001122146844863892e-01
1.492831259965896606e-01
-2.580381631851196289e-01
2.612972632050514221e-02
6.746533513069152832e-02
4.532085359096527100e-02
3.564723581075668335e-02
4.818318411707878113e-03
-1.529883593320846558e-01
2.413782477378845215e-02
1.641726940870285034e-01
-1.859688460826873779e-01
-2.977861091494560242e-02
3.930156677961349487e-02
-9.067582339048385620e-02
-2.545601874589920044e-02
-1.101197153329849243e-01
3.033758699893951416e-01
1.741179078817367554e-01
-1.473866105079650879e-01
-1.004937961697578430e-01
1.450580656528472900e-01
-1.459832340478897095e-01
-4.988374561071395874e-02
5.417374894022941589e-02
-1.145788580179214478e-01
-2.357870340347290039e-01
-2.690690755844116211e-01
5.793393403291702271e-02
4.067479968070983887e-01
1.609212607145309448e-01
-1.730348765850067139e-01
3.988369926810264587e-02
-2.569391205906867981e-02
1.080094091594219208e-02
6.532187759876251221e-02
2.158856987953186035e-01
2.030448615550994873e-02
-5.997043102979660034e-03
-1.534507144242525101e-02
9.042164683341979980e-02
2.112052589654922485e-01
-5.809542536735534668e-02
-1.145570650696754456e-01
2.850736677646636963e-01
4.445244371891021729e-02
-6.408733129501342773e-02
-8.098410442471504211e-03
5.927423387765884399e-02
-2.089993655681610107e-01
4.319887608289718628e-03
-1.051431968808174133e-01
-3.054154664278030396e-02
-2.654301002621650696e-03
1.165947318077087402e-02
-5.126992985606193542e-02
8.118480443954467773e-02
-2.414818108081817627e-01
2.795622646808624268e-01
-1.106098741292953491e-01
-3.881881013512611389e-02
-3.150648251175880432e-02
3.224711492657661438e-02
-6.019147112965583801e-02
-3.208130225539207458e-02
1.235958337783813477e-01
-2.662502825260162354e-01
1.023142337799072266e-01
1.497977674007415771e-01
1.157541945576667786e-02
2.614040672779083252e-01
5.158288031816482544e-02
6.328058242797851562e-02
4.480791464447975159e-02
1.782582700252532959e-02
-2.021016776561737061e-01
-5.423552915453910828e-02
1.266139447689056396e-01
-7.473693042993545532e-02
9.294136613607406616e-02
3.303363174200057983e-02
