-1.013606786727905273e-01
4.425977915525436401e-02
-2.236582338809967041e-03
-1.171844303607940674e-01
-1.632605642080307007e-01
-4.098224639892578125e-02
-6.488589942455291748e-02
-3.917701169848442078e-02
1.804334819316864014e-01
-1.086338832974433899e-01
2.133457064628601074e-01
-1.170752719044685364e-01
-2.019771188497543335e-01
1.039158552885055542e-03
-7.407323271036148071e-02
2.063486874103546143e-01
-1.423398703336715698e-01
-1.182646155357360840e-01
-2.685782313346862793e-02
1.237399224191904068e-02
1.404626965522766113e-01
2.588203735649585724e-02
2.471074089407920837e-02
8.957409858703613281e-02
-8.453921228647232056e-02
-3.832363784313201904e-01
-7.263702154159545898e-02
-6.006399914622306824e-02
-4.604350775480270386e-02
-2.331969887018203735e-02
-2.920220047235488892e-02
6.748577952384948730e-02
-1.772891879081726074e-01
-4.441562294960021973e-02
9.065304696559906006e-02
6.959792971611022949e-02
7.074791938066482544e-03
-8.677974343299865723e-02
2.043348550796508789e-01
-2.582040987908840179e-02
-3.033336400985717773e-01
6.305913627147674561e-02
1.201795041561126709e-01
1.926708966493606567e-01
1.307637840509414673e-01
8.341442048549652100e-02
-4.293009173125028610e-03
-1.544897407293319702e-01
7.744677364826202393e-02
-2.070262432098388672e-01
7.403622567653656006e-02
1.570362150669097900e-01
6.283149123191833496e-02
-1.098372042179107666e-02
2.616458386182785034e-02
-1.096405386924743652e-01
1.949886977672576904e-02
1.600200831890106201e-01
-1.546769142150878906e-01
-3.032343089580535889e-02
1.053783744573593140e-01
-4.129958897829055786e-02
-4.805664718151092529e-02
-1.650036275386810303e-01
2.470867186784744263e-01
1.350302696228027344e-01
-1.456946730613708496e-01
-1.912760883569717407e-01
9.582401067018508911e-02
-1.384232491254806519e-01
-1.165426447987556458e-01
4.288613796234130859e-02
-1.466548293828964233e-01
-2.023224681615829468e-01
-2.556207776069641113e-01
1.087617501616477966e-02
3.134795129299163818e-01
1.406253278255462646e-01
-1.934235095977783203e-01
8.986201882362365723e-02
-2.705994993448257446e-02
4.231311753392219543e-02
9.656855463981628418e-02
1.569834500551223755e-01
1.423737779259681702e-02
-3.998942673206329346e-03
-4.854387044906616211e-02
-2.610135823488235474e-02
2.200944274663925171e-01
-8.038637787103652954e-02
-2.449531108140945435e-03
2.513944804668426514e-01
1.337220892310142517e-03
6.488165259361267090e-02
-4.042594879865646362e-02
5.642093718051910400e-03
-8.126807212829589844e-02
3.380279615521430969e-02
-1.521791964769363403e-01
-4.383537918329238892e-03
3.914600610733032227e-02
5.944576486945152283e-02
-2.002469822764396667e-02
1.250573545694351196e-01
-2.417422533035278320e-01
6.180686503648757935e-02
-7.320356369018554688e-02
-2.784813940525054932e-02
2.812427841126918793e-02
2.152957022190093994e-03
-4.662311822175979614e-02
-6.383226811885833740e-02
7.807080447673797607e-02
-2.139537334442138672e-01
1.974135339260101318e-01
1.484269052743911743e-01
1.045189201831817627e-01
1.352897882461547852e-01
1.613295078277587891e-01
3.545751422643661499e-02
8.525834977626800537e-02
-3.472699597477912903e-02
-2.702808082103729248e-01
-2.534100785851478577e-02
1.501625925302505493e-01
-4.381215199828147888e-02
7.013198733329772949e-02
9.437854401767253876e-03
