-1.387664973735809326e-01
3.994902595877647400e-02
1.043486818671226501e-01
1.530012674629688263e-02
-1.593698263168334961e-01
-6.379818916320800781e-02
7.623521238565444946e-02
-1.395337283611297607e-01
1.507962942123413086e-01
-1.109484508633613586e-01
2.697896361351013184e-01
-3.134920820593833923e-02
-2.477448880672454834e-01
-1.470337063074111938e-02
3.409238532185554504e-02
1.751332432031631470e-01
-1.607794761657714844e-01
-1.466915458440780640e-01
-6.867093592882156372e-02
-9.259404242038726807e-02
-5.533894896507263184e-02
4.521915316581726074e-02
2.514675259590148926e-02
1.390018761157989502e-01
-3.876131772994995117e-02
-2.993363142013549805e-01
-1.157946139574050903e-01
-1.364751160144805908e-01
5.153351649641990662e-02
-1.523413695394992828e-02
4.696159064769744873e-02
9.322531521320343018e-02
-1.583297103643417358e-01
1.353627722710371017e-02
-1.031612604856491089e-02
-5.077928304672241211e-02
-2.677173912525177002e-02
-6.822553277015686035e-02
1.867361813783645630e-01
-2.054096385836601257e-02
-2.599514722824096680e-01
-8.896382898092269897e-02
6.182467192411422729e-02
2.668946981430053711e-01
1.399280428886413574e-01
-5.192682892084121704e-02
-2.370705828070640564e-03
-5.089187994599342346e-02
-1.362272165715694427e-02
-1.518907099962234497e-01
2.315010130405426025e-02
1.056241393089294434e-01
1.594370156526565552e-01
-2.090431749820709229e-03
-2.990728244185447693e-02
-2.014438956975936890e-01
-6.293682754039764404e-02
-8.615193888545036316e-03
-1.414558142423629761e-01
1.510541792958974838e-02
4.016142711043357849e-02
-9.351269155740737915e-02
-7.081745564937591553e-02
-8.866096287965774536e-02
3.305661976337432861e-01
9.669261425733566284e-02
-1.453400552272796631e-01
-1.753304451704025269e-01
1.945098638534545898e-01
-2.167184948921203613e-01
-7.789668440818786621e-02
1.337015181779861450e-01
-1.805456280708312988e-01
-1.219365820288658142e-01
-2.876893877983093262e-01
-2.267839759588241577e-02
4.215446710586547852e-01
1.449821889400482178e-02
-1.691354066133499146e-01
3.989644721150398254e-02
-1.956239640712738037e-01
-8.962966501712799072e-03
-5.445189028978347778e-02
2.090365737676620483e-01
-2.962972968816757202e-02
3.798268735408782959e-02
-7.247266173362731934e-02
-7.863007485866546631e-03
1.545216888189315796e-01
-9.730530530214309692e-02
-5.063462257385253906e-02
2.871384322643280029e-01
2.650912106037139893e-02
-1.682722568511962891e-02
1.368917524814605713e-02
-3.454995900392532349e-02
2.254066988825798035e-02
-6.654781103134155273e-02
-8.373685181140899658e-02
-5.083316564559936523e-02
-5.042761191725730896e-02
-3.264423087239265442e-02
-8.528567850589752197e-04
7.406825572252273560e-02
-2.305022627115249634e-01
1.394340693950653076e-01
7.986830174922943115e-02
3.075827099382877350e-02
5.831375718116760254e-02
7.240313291549682617e-02
-1.084754839539527893e-01
-1.473355740308761597e-01
1.800761818885803223e-01
-2.920539677143096924e-01
1.419382095336914062e-01
1.263829022645950317e-01
7.401345670223236084e-02
1.258173882961273193e-01
-1.369809266179800034e-03
1.148722246289253235e-01
-5.975197255611419678e-02
-5.456734076142311096e-02
-1.385625451803207397e-01
4.475348815321922302e-02
1.000155434012413025e-01
-1.319405138492584229e-01
5.547684617340564728e-03
7.495478540658950806e-02
