-1.067841202020645142e-01
-3.798169270157814026e-02
1.094235926866531372e-01
-6.260220706462860107e-02
-3.596074879169464111e-02
1.111615598201751709e-01
-3.789839893579483032e-02
-9.242892265319824219e-04
1.652009636163711548e-01
-1.320635080337524414e-01
2.449612468481063843e-01
2.840656787157058716e-03
-2.407191097736358643e-01
-1.160245686769485474e-01
-3.287057951092720032e-02
7.658503949642181396e-02
-1.119915619492530823e-01
-1.006148457527160645e-01
-3.099437803030014038e-02
-7.500228285789489746e-02
2.162858471274375916e-02
9.998686611652374268e-02
4.567134380340576172e-02
1.046955585479736328e-04
-1.919215321540832520e-01
-4.067993164062500000e-01
-3.869324922561645508e-02
-1.705897301435470581e-01
-4.524669796228408813e-02
-1.052331849932670593e-01
-8.345185779035091400e-03
1.833448931574821472e-02
-1.942660510540008545e-01
2.525471150875091553e-03
-3.242635726928710938e-02
8.611848205327987671e-02
-1.754208281636238098e-02
-5.701670795679092407e-02
1.505957394838333130e-01
2.641398459672927856e-03
-1.046685799956321716e-01
-6.423971056938171387e-02
9.381409734487533569e-03
1.901143044233322144e-01
4.513780772686004639e-02
1.595536805689334869e-02
-3.577824681997299194e-04
-5.212577432394027710e-02
4.335077479481697083e-02
-2.924192547798156738e-01
6.292629241943359375e-02
9.233893454074859619e-02
6.482101976871490479e-02
-5.879342555999755859e-03
1.296777427196502686e-01
-1.110863834619522095e-01
-2.446949481964111328e-02
6.359234452247619629e-02
-1.256275475025177002e-01
8.380746841430664062e-02
-5.601776391267776489e-02
-3.777816891670227051e-03
-1.958965696394443512e-02
-6.508237123489379883e-02
2.405184805393218994e-01
1.089622825384140015e-01
-8.894637227058410645e-02
-1.103946045041084290e-01
1.637663990259170532e-01
-9.349001199007034302e-02
-3.336747363209724426e-02
7.553483545780181885e-02
-5.575473606586456299e-02
-1.684875339269638062e-01
-2.156225293874740601e-01
6.433030217885971069e-02
3.723078668117523193e-01
1.447515487670898438e-01
-1.941272169351577759e-01
1.869928836822509766e-02
-1.650376319885253906e-01
-4.937556385993957520e-02
2.407934889197349548e-02
1.072236709296703339e-02
-6.559679657220840454e-02
5.316937714815139771e-02
-8.862227201461791992e-02
7.196754962205886841e-02
1.703504472970962524e-01
1.084860414266586304e-02
-1.577707007527351379e-02
2.092061787843704224e-01
-1.969558000564575195e-02
7.216297835111618042e-02
6.624263525009155273e-02
-3.603730723261833191e-02
-1.320134997367858887e-01
2.014813572168350220e-02
-1.304887235164642334e-01
-6.408490240573883057e-03
8.945354819297790527e-02
-2.629167027771472931e-02
4.978365823626518250e-02
1.338708400726318359e-01
-1.500014364719390869e-01
1.032096445560455322e-01
-4.243950545787811279e-02
-1.365406811237335205e-01
1.087505668401718140e-01
6.667853146791458130e-02
-1.389859765768051147e-01
-6.766635179519653320e-02
1.534964293241500854e-01
-2.571501433849334717e-01
1.199217438697814941e-01
9.623125940561294556e-02
8.311934024095535278e-02
1.929284334182739258e-01
1.002489030361175537e-01
6.564328074455261230e-02
-3.538578748703002930e-02
-1.035039871931076050e-02
-2.147470563650131226e-01
-4.825796931982040405e-02
4.900657013058662415e-02
-4.286286234855651855e-02
2.216135151684284210e-02
1.902393810451030731e-02
