-1.786804050207138062e-01
5.889028310775756836e-02
2.595248818397521973e-02
2.006217837333679199e-04
-7.617621123790740967e-02
-1.745078712701797485e-02
-4.015397280454635620e-02
-5.114968866109848022e-02
2.080085575580596924e-01
-7.844524830579757690e-02
1.182069703936576843e-01
-3.038170561194419861e-02
-2.014601826667785645e-01
-7.474689185619354248e-02
5.081731826066970825e-03
5.407043546438217163e-02
-1.512985676527023315e-01
-1.435055732727050781e-01
-1.204795390367507935e-02
-1.125667393207550049e-01
4.588618129491806030e-02
2.613776177167892456e-02
8.958069980144500732e-02
1.268508434295654297e-01
-2.210303544998168945e-01
-3.556358218193054199e-01
-4.400277137756347656e-02
-2.134857326745986938e-01
3.298228606581687927e-02
-1.012059152126312256e-01
-1.578209549188613892e-02
4.747097194194793701e-02
-2.511239349842071533e-01
-6.243145093321800232e-02
-3.758163750171661377e-02
7.824015617370605469e-02
1.524416822940111160e-02
1.078820228576660156e-02
1.541080772876739502e-01
-2.880558371543884277e-02
-1.659645885229110718e-01
-3.746294230222702026e-02
-1.011738553643226624e-02
2.372431010007858276e-01
1.491821408271789551e-01
8.739226311445236206e-02
-2.410870045423507690e-03
-7.654136419296264648e-02
7.728034257888793945e-02
-1.957789063453674316e-01
4.723715782165527344e-02
1.830207705497741699e-01
-1.232185959815979004e-02
2.493862062692642212e-03
3.981801122426986694e-02
-1.467982232570648193e-01
4.931962117552757263e-02
4.239870235323905945e-02
-1.927947849035263062e-01
6.374157220125198364e-02
-2.194863744080066681e-02
1.213192567229270935e-02
2.164059877395629883e-02
7.387825846672058105e-02
2.369795292615890503e-01
5.378833413124084473e-02
-5.202273279428482056e-02
-6.392433494329452515e-02
1.323099732398986816e-01
-2.013557702302932739e-01
4.357451200485229492e-02
1.519404053688049316e-01
-7.638034224510192871e-02
-2.139150053262710571e-01
-2.025314271450042725e-01
1.555157545953989029e-02
4.693122804164886475e-01
9.120272845029830933e-02
-1.293255239725112915e-01
8.209137618541717529e-02
-1.597245037555694580e-01
-8.840305358171463013e-02
8.503854274749755859e-02
6.418250501155853271e-02
-1.091629341244697571e-01
1.036126911640167236e-02
-1.012143865227699280e-01
9.003873169422149658e-02
2.117737531661987305e-01
4.168177023530006409e-02
-6.723392754793167114e-03
2.150522768497467041e-01
5.239280313253402710e-02
-8.932325989007949829e-03
8.947577327489852905e-02
5.274531245231628418e-02
-1.287322342395782471e-01
-1.286426931619644165e-02
-9.619626402854919434e-02
-6.252366304397583008e-02
6.353887915611267090e-02
-5.145315080881118774e-02
-4.256938397884368896e-02
6.078897789120674133e-02
-2.344698011875152588e-01
1.178057342767715454e-01
3.517799079418182373e-02
-1.045284792780876160e-01
-2.394351549446582794e-02
3.542758524417877197e-02
-1.009901016950607300e-01
-7.231503725051879883e-02
1.474085301160812378e-01
-2.661134004592895508e-01
1.609546244144439697e-01
1.600834578275680542e-01
3.129754960536956787e-02
2.252115309238433838e-01
3.108901437371969223e-03
4.612835496664047241e-02
-1.923564262688159943e-02
-3.601365536451339722e-02
-9.792593866586685181e-02
-4.046218842267990112e-02
8.985427021980285645e-02
-4.990755766630172729e-02
7.946968078613281250e-02
-2.306781709194183350e-03
