-1.107992082834243774e-01
-3.158244118094444275e-02
8.083184063434600830e-02
-1.139225438237190247e-01
-6.541693210601806641e-02
-2.176022157073020935e-02
-8.788745105266571045e-02
-1.271832287311553955e-01
1.631554812192916870e-01
-1.915089190006256104e-01
1.399026811122894287e-01
9.028181433677673340e-03
-1.448580026626586914e-01
-2.224160730838775635e-02
-8.923750370740890503e-02
1.827695965766906738e-01
-1.515923589468002319e-01
-1.397256851196289062e-01
-1.975643076002597809e-02
-6.332294642925262451e-02
-1.481987908482551575e-02
1.991072669625282288e-03
5.570676922798156738e-02
1.016662195324897766e-01
-2.048372030258178711e-01
-3.961801826953887939e-01
-9.108778834342956543e-02
-4.926633462309837341e-02
-4.238606616854667664e-02
-6.960131227970123291e-02
-4.793492332100868225e-02
1.044274568557739258e-01
-2.172030061483383179e-01
7.954366505146026611e-02
3.849469497799873352e-02
1.037829071283340454e-01
-5.855046212673187256e-03
1.788769476115703583e-02
1.496088504791259766e-01
3.877034783363342285e-02
-2.607768476009368896e-01
-9.450244903564453125e-02
1.373645365238189697e-01
2.396624535322189331e-01
2.261808365583419800e-01
5.282372981309890747e-02
8.108150213956832886e-03
-7.666961103677749634e-02
1.203842237591743469e-01
-2.471271753311157227e-01
1.002080067992210388e-01
9.052593261003494263e-02
7.551084458827972412e-02
2.166398428380489349e-02
1.047529131174087524e-01
-1.135413274168968201e-01
-2.661246806383132935e-02
1.059359237551689148e-01
-8.189430087804794312e-02
5.487129092216491699e-02
-1.962335407733917236e-02
-4.115848988294601440e-02
-5.824879929423332214e-02
-4.555532336235046387e-02
2.743179798126220703e-01
1.623280346393585205e-01
-1.612807810306549072e-01
-1.092465668916702271e-01
2.357324510812759399e-01
-1.762102246284484863e-01
-4.737664014101028442e-02
-1.108586974442005157e-02
-8.470173180103302002e-02
-1.672719568014144897e-01
-2.965171039104461670e-01
-7.728556543588638306e-02
3.429725766181945801e-01
1.497031152248382568e-01
-1.911979466676712036e-01
7.481239736080169678e-02
-7.297547161579132080e-02
-2.693160809576511383e-02
4.217527806758880615e-02
1.630245298147201538e-01
-8.963554352521896362e-02
8.602632582187652588e-02
1.439083553850650787e-02
4.958713799715042114e-02
2.198742181062698364e-01
1.964034140110015869e-02
1.118646003305912018e-02
2.031771093606948853e-01
-4.956280440092086792e-02
3.004320897161960602e-02
-4.455633461475372314e-05
3.911547362804412842e-02
-1.836775243282318115e-01
3.919787704944610596e-04
-1.986686587333679199e-01
-9.916003048419952393e-02
2.113679237663745880e-02
5.797459557652473450e-02
5.055584385991096497e-02
2.018218934535980225e-01
-2.532144784927368164e-01
2.240577042102813721e-01
-1.305115967988967896e-02
-4.540098458528518677e-02
9.073102474212646484e-02
1.282039582729339600e-01
-7.350611686706542969e-02
-1.231960952281951904e-01
6.387896835803985596e-02
-2.109302133321762085e-01
1.541517972946166992e-01
1.565398722887039185e-01
4.009192436933517456e-02
1.389071792364120483e-01
7.507689297199249268e-02
5.909885466098785400e-02
4.650755971670150757e-02
3.789074718952178955e-03
-1.521122157573699951e-01
-1.817376911640167236e-02
6.832950562238693237e-02
-1.468177437782287598e-01
5.376677587628364563e-02
1.773138716816902161e-02
