-1.350266933441162109e-01
8.479627966880798340e-02
-1.000056713819503784e-01
-2.779804170131683350e-03
-1.441593468189239502e-01
1.575244124978780746e-03
-1.031735353171825409e-02
-1.469257622957229614e-01
1.522003412246704102e-01
-1.025294438004493713e-01
2.430119067430496216e-01
1.693375967442989349e-02
-1.820893883705139160e-01
-1.254909783601760864e-01
5.669962614774703979e-02
6.926625967025756836e-02
-1.477541923522949219e-01
-1.344926208257675171e-01
-9.901975840330123901e-02
-1.083798557519912720e-01
4.456797242164611816e-02
3.965047001838684082e-02
5.348141118884086609e-02
3.351368755102157593e-02
-2.205330133438110352e-01
-3.197969794273376465e-01
-5.524871870875358582e-03
-1.338011026382446289e-01
1.721340417861938477e-02
-6.511445343494415283e-02
1.698086969554424286e-02
1.378317177295684814e-01
-1.994524300098419189e-01
-5.356131494045257568e-02
7.314104586839675903e-03
1.374780684709548950e-01
-1.086277812719345093e-01
4.475234448909759521e-02
1.966560482978820801e-01
-4.188233986496925354e-02
-1.835020929574966431e-01
4.907343536615371704e-04
-1.658848673105239868e-02
3.069356679916381836e-01
2.455324828624725342e-01
-5.805184319615364075e-02
1.464401837438344955e-02
-1.076222583651542664e-02
1.319125145673751831e-01
-3.351646363735198975e-01
2.476597018539905548e-02
1.423073709011077881e-01
1.172101125121116638e-02
6.977720558643341064e-02
3.817530721426010132e-02
-9.109666943550109863e-02
-1.715489849448204041e-02
9.963257610797882080e-02
-1.828398108482360840e-01
5.084213241934776306e-02
6.359673291444778442e-02
-1.723782867193222046e-01
-4.260096698999404907e-02
-6.985738873481750488e-02
2.261030972003936768e-01
1.293684691190719604e-01
-9.155658632516860962e-02
-1.122970730066299438e-01
1.068020388484001160e-01
-2.009581625461578369e-01
-8.924067765474319458e-02
9.088636189699172974e-02
-1.118806898593902588e-01
-2.504177391529083252e-01
-3.134328722953796387e-01
7.240837067365646362e-02
4.024338722229003906e-01
1.709168106317520142e-01
-1.186011806130409241e-01
5.130467936396598816e-02
-7.667497731745243073e-03
-1.690958440303802490e-02
1.029246896505355835e-01
6.519880890846252441e-02
-5.053583532571792603e-03
8.312612771987915039e-05
-1.073939725756645203e-01
1.118242964148521423e-01
2.437236309051513672e-01
-5.945780873298645020e-02
-7.279696315526962280e-02
2.911574542522430420e-01
3.436420112848281860e-03
6.050399318337440491e-02
9.971677511930465698e-02
8.079560101032257080e-02
-3.640348836779594421e-02
-3.360762819647789001e-02
-1.294846087694168091e-01
5.614207312464714050e-02
4.814855754375457764e-02
-1.344686746597290039e-01
3.921001404523849487e-02
7.325565814971923828e-02
-7.748302072286605835e-02
2.256937772035598755e-01
-6.409424543380737305e-02
7.860022783279418945e-02
-3.649622201919555664e-02
-7.783618569374084473e-02
-5.782512947916984558e-02
-1.777958124876022339e-03
1.346579343080520630e-01
-2.301647514104843140e-01
2.518595159053802490e-01
1.360825896263122559e-01
4.348393157124519348e-02
2.142948210239410400e-01
4.016504809260368347e-02
6.108377128839492798e-04
-3.158084303140640259e-02
1.190005987882614136e-02
-1.823426038026809692e-01
-6.036233901977539062e-02
3.564430028200149536e-02
-1.307159429416060448e-03
3.634253144264221191e-02
4.956167936325073242e-02
