-1.846129149198532104e-01
1.424467656761407852e-02
7.164581865072250366e-02
-1.197492107748985291e-01
-1.095050424337387085e-01
-1.936615630984306335e-02
-1.833834126591682434e-02
-4.519523680210113525e-02
1.609157621860504150e-01
-8.380456268787384033e-02
1.226616874337196350e-01
-4.463698714971542358e-03
-1.688042730093002319e-01
-8.709695190191268921e-02
-1.499017328023910522e-02
2.392324805259704590e-01
-2.076392024755477905e-01
-2.244751900434494019e-01
-6.124051660299301147e-02
-3.954659029841423035e-02
8.437281847000122070e-02
2.278132922947406769e-02
-5.465794354677200317e-03
9.224676340818405151e-02
-2.397761046886444092e-01
-2.680281698703765869e-01
-8.047550171613693237e-02
-7.271394133567810059e-02
-4.526941850781440735e-02
-8.092255890369415283e-02
7.805730402469635010e-02
1.689739823341369629e-01
-1.539560258388519287e-01
-8.610226213932037354e-04
1.399614289402961731e-02
9.980580955743789673e-02
-8.060556836426258087e-03
-1.696534305810928345e-01
2.086230069398880005e-01
6.107810884714126587e-03
-2.658006250858306885e-01
-1.620633453130722046e-01
2.229838073253631592e-01
2.546711862087249756e-01
2.144569307565689087e-01
1.748003810644149780e-02
1.474427804350852966e-02
6.948482245206832886e-03
1.208598315715789795e-01
-3.679408431053161621e-01
-3.585524857044219971e-03
1.517057120800018311e-01
5.050187930464744568e-03
1.505015194416046143e-01
1.226649209856987000e-01
-1.284167319536209106e-01
1.163774281740188599e-01
7.385176420211791992e-02
-2.401939332485198975e-01
5.313823372125625610e-02
-1.453710533678531647e-02
-1.413724869489669800e-01
5.972030758857727051e-02
-1.346078217029571533e-01
2.317169457674026489e-01
1.273551434278488159e-01
-9.814245998859405518e-02
-1.352769583463668823e-01
2.495947778224945068e-01
-1.455577015876770020e-01
-1.483209878206253052e-01
9.377437829971313477e-02
-1.359420269727706909e-01
-1.988129317760467529e-01
-3.611163794994354248e-01
-9.266988188028335571e-02
3.075584769248962402e-01
2.366687655448913574e-01
-9.231302887201309204e-02
6.781206279993057251e-02
-2.072070538997650146e-02
-9.939719736576080322e-02
5.191426724195480347e-03
1.809413731098175049e-01
6.225983798503875732e-02
-3.800171613693237305e-02
-6.465911120176315308e-02
1.993934810161590576e-02
2.761221528053283691e-01
-1.513403654098510742e-02
5.580797791481018066e-03
2.440188527107238770e-01
5.666861683130264282e-02
-8.446675539016723633e-02
-5.094070732593536377e-02
1.000902354717254639e-01
-8.930747210979461670e-02
7.049579918384552002e-02
-1.251775920391082764e-01
3.380722180008888245e-02
-3.599753603339195251e-03
4.127745702862739563e-02
6.219397857785224915e-02
1.624068021774291992e-01
-8.714718371629714966e-02
1.269733607769012451e-01
6.102692335844039917e-03
-2.584408968687057495e-02
-1.220959350466728210e-01
-8.728994056582450867e-03
-1.157699078321456909e-01
-3.590117022395133972e-02
7.641794532537460327e-02
-1.777162402868270874e-01
1.588886082172393799e-01
1.828262507915496826e-01
-7.222095504403114319e-03
1.066276654601097107e-01
4.637861996889114380e-02
1.428564488887786865e-01
4.161285236477851868e-03
-8.482921123504638672e-02
-1.249783188104629517e-01
-6.832091510295867920e-02
5.448762699961662292e-02
-5.892358720302581787e-02
2.267018146812915802e-02
1.286272108554840088e-01
