-1.078783944249153137e-01
6.276368349790573120e-02
2.280083298683166504e-02
-2.639966458082199097e-02
-8.187296986579895020e-02
-2.129088155925273895e-02
-9.663335233926773071e-02
-1.392692625522613525e-01
1.051404178142547607e-01
-4.564165696501731873e-02
2.330068498849868774e-01
-6.815187633037567139e-02
-1.757359653711318970e-01
-1.371161788702011108e-01
-1.879746466875076294e-02
1.545410901308059692e-01
-1.424131095409393311e-01
-1.547406166791915894e-01
-2.648941427469253540e-02
-1.512493565678596497e-02
8.153658360242843628e-02
-1.697897352278232574e-02
5.566493049263954163e-02
9.897648543119430542e-02
-1.713245809078216553e-01
-2.958224713802337646e-01
-9.215432405471801758e-02
-1.000624448060989380e-01
2.766379341483116150e-02
-3.184046968817710876e-02
-4.899071902036666870e-02
1.102649047970771790e-02
-2.330699861049652100e-01
-6.127295643091201782e-02
4.434931278228759766e-02
7.653600722551345825e-02
3.838326409459114075e-02
-5.271690338850021362e-02
1.761498749256134033e-01
-5.015747621655464172e-02
-2.553003728389739990e-01
3.238228708505630493e-02
5.321656912565231323e-02
2.025105506181716919e-01
2.408988624811172485e-01
9.769309312105178833e-02
-4.124053288251161575e-03
-1.128811314702033997e-01
1.560015678405761719e-01
-1.394193321466445923e-01
1.029767990112304688e-01
1.278142035007476807e-01
7.941393554210662842e-02
-2.639895305037498474e-02
-7.791982963681221008e-03
-1.270349025726318359e-01
8.214078843593597412e-03
1.226896792650222778e-01
-2.066310346126556396e-01
8.134606294333934784e-03
6.249367445707321167e-02
-5.894826352596282959e-02
-2.000150457024574280e-02
-1.065702736377716064e-01
1.945647299289703369e-01
1.315393745899200439e-01
-8.731021732091903687e-02
-2.472427934408187866e-01
1.728071272373199463e-01
-2.032283395528793335e-01
-7.478056102991104126e-02
1.205506473779678345e-01
-1.555169671773910522e-01
-1.544572710990905762e-01
-3.980019390583038330e-01
-1.595064625144004822e-02
3.683786392211914062e-01
9.354735165834426880e-02
-2.075752019882202148e-01
4.819551482796669006e-02
2.194856479763984680e-02
5.507348477840423584e-02
1.230290830135345459e-01
1.226214393973350525e-01
-2.436577901244163513e-02
1.242570951581001282e-02
-1.128572821617126465e-01
-6.869152188301086426e-02
2.471594810485839844e-01
-1.039919443428516388e-02
-8.947446942329406738e-02
2.081072479486465454e-01
-1.563721895217895508e-02
2.421886846423149109e-02
8.451063185930252075e-02
6.412984430789947510e-02
-5.866976827383041382e-02
-1.874368637800216675e-03
-1.423708647489547729e-01
-8.293263614177703857e-03
5.856135860085487366e-03
3.097908571362495422e-02
1.419605314731597900e-02
1.372831314802169800e-01
-1.205775663256645203e-01
9.849341213703155518e-02
-5.543264746665954590e-02
4.714278131723403931e-02
-3.253902494907379150e-02
4.595130681991577148e-03
-1.190181970596313477e-01
-8.122132718563079834e-02
1.235038787126541138e-01
-2.279643267393112183e-01
1.779102534055709839e-01
1.059456467628479004e-01
7.339452207088470459e-02
8.584861457347869873e-02
1.151487901806831360e-01
1.117731183767318726e-01
-3.178113326430320740e-02
2.970413491129875183e-02
-2.016285955905914307e-01
-5.452986806631088257e-02
1.007270589470863342e-01
-9.132237732410430908e-02
1.676314920186996460e-01
4.081956297159194946e-02
