-7.110383361577987671e-02
8.879344165325164795e-02
7.298142462968826294e-02
-9.053882211446762085e-02
-1.982347518205642700e-01
6.182887405157089233e-02
7.188456133008003235e-03
-4.171025007963180542e-02
1.273540407419204712e-01
-1.188305094838142395e-01
2.568503916263580322e-01
-1.121959537267684937e-01
-2.740627825260162354e-01
9.500911831855773926e-02
-1.071770563721656799e-01
2.419182956218719482e-01
-2.094443440437316895e-01
-1.161095499992370605e-01
-8.575446158647537231e-02
-7.942852377891540527e-02
5.417044088244438171e-02
6.822457164525985718e-02
-3.851545602083206177e-02
1.094784587621688843e-01
-1.483161598443984985e-01
-3.714512884616851807e-01
-7.794251665472984314e-03
-5.676773190498352051e-02
-3.707716614007949829e-02
-1.830350458621978760e-01
3.430457040667533875e-02
1.141093671321868896e-01
-1.299136132001876831e-01
5.059148371219635010e-02
-2.039642818272113800e-02
3.507827967405319214e-02
-8.667372167110443115e-02
-1.878603696823120117e-01
2.156437188386917114e-01
4.286175221204757690e-02
-2.925062775611877441e-01
-1.160169951617717743e-02
1.417187452316284180e-01
2.832777202129364014e-01
1.677612960338592529e-01
-6.830370426177978516e-02
2.822191268205642700e-02
-6.607486307621002197e-02
1.145617812871932983e-01
-3.645106852054595947e-01
9.016805142164230347e-02
9.753562510013580322e-02
4.708993807435035706e-02
9.951963275671005249e-02
2.222783863544464111e-02
-1.507912576198577881e-01
-5.117729306221008301e-02
1.610295772552490234e-01
-1.770441383123397827e-01
2.530662342905998230e-02
5.601608008146286011e-02
-8.792302757501602173e-02
7.617949508130550385e-03
-9.385396540164947510e-02
2.299851477146148682e-01
1.825190037488937378e-01
-1.310835480690002441e-01
-1.211717948317527771e-01
1.886089891195297241e-01
-1.443992108106613159e-01
-1.166806891560554504e-01
5.111867934465408325e-02
-8.557098358869552612e-02
-1.960864514112472534e-01
-2.613798379898071289e-01
7.550350576639175415e-02
3.861545920372009277e-01
1.285739988088607788e-01
-1.378878206014633179e-01
1.650525815784931183e-02
-2.283458411693572998e-02
-6.095945090055465698e-02
3.192889690399169922e-02
2.382195591926574707e-01
1.110528409481048584e-02
-1.521145924925804138e-02
-3.859279677271842957e-02
1.069652140140533447e-01
2.054325342178344727e-01
-5.215299874544143677e-02
-3.511448949575424194e-02
3.378291130065917969e-01
3.731026872992515564e-02
-5.048516765236854553e-02
4.252917319536209106e-02
1.317915320396423340e-01
-1.486335545778274536e-01
2.161346375942230225e-02
-1.220052838325500488e-01
-2.443169057369232178e-02
4.337915033102035522e-02
1.716702058911323547e-02
-1.920841261744499207e-02
1.479996144771575928e-01
-1.789880096912384033e-01
2.133074104785919189e-01
-5.728928744792938232e-02
-3.257727622985839844e-02
4.270992428064346313e-02
-4.817764461040496826e-02
8.974637836217880249e-03
-4.545199126005172729e-02
1.289514899253845215e-01
-2.304174304008483887e-01
7.735265046358108521e-02
1.037487685680389404e-01
6.124166399240493774e-02
1.697433292865753174e-01
6.672875583171844482e-02
4.253941774368286133e-02
9.850784391164779663e-02
-1.028665378689765930e-01
-2.358414530754089355e-01
4.637258127331733704e-03
1.184802800416946411e-01
-4.141209647059440613e-02
-3.138871490955352783e-02
4.834751412272453308e-02
