-1.152310445904731750e-01
2.013132534921169281e-02
5.309114232659339905e-02
-7.789859175682067871e-02
-1.990967690944671631e-01
3.223210573196411133e-02
1.247650757431983948e-02
-1.101065427064895630e-01
2.477474063634872437e-01
-1.406155973672866821e-01
1.579571366310119629e-01
-1.136998757719993591e-01
-2.376676797866821289e-01
7.019415497779846191e-02
-8.120193332433700562e-02
1.895204782485961914e-01
-9.004517644643783569e-02
-1.290854513645172119e-01
-9.771074354648590088e-02
-9.454020857810974121e-02
2.807360701262950897e-02
-2.927953563630580902e-02
3.135905042290687561e-02
6.392437219619750977e-02
-2.174744307994842529e-01
-3.438211083412170410e-01
-6.944239139556884766e-02
-7.900126278400421143e-02
-6.457029283046722412e-02
-1.039900183677673340e-01
4.238716512918472290e-02
1.364507973194122314e-01
-1.566347330808639526e-01
-6.525494158267974854e-03
1.652281731367111206e-02
1.274367123842239380e-01
-1.307815313339233398e-01
-1.382680535316467285e-01
1.703302413225173950e-01
2.153985202312469482e-03
-2.198279350996017456e-01
-3.756174445152282715e-02
1.385723799467086792e-02
2.483700215816497803e-01
1.242650300264358521e-01
4.057459905743598938e-02
6.618790328502655029e-02
-1.562303155660629272e-01
8.968999981880187988e-02
-2.932407855987548828e-01
2.200204879045486450e-02
1.344245821237564087e-01
3.977011889219284058e-02
4.663179069757461548e-02
5.513265356421470642e-02
-1.239532753825187683e-01
7.627785205841064453e-02
1.552587896585464478e-01
-2.290281951427459717e-01
5.390695109963417053e-02
1.044022142887115479e-01
-1.203337758779525757e-01
-8.854120224714279175e-02
-1.366570144891738892e-01
2.817225158214569092e-01
1.864533871412277222e-01
-1.884047389030456543e-01
-9.965898096561431885e-02
1.902263611555099487e-01
-1.341963559389114380e-01
-4.339005425572395325e-02
6.978071480989456177e-02
-1.230119317770004272e-01
-2.598477303981781006e-01
-3.132030069828033447e-01
-1.058681402355432510e-02
4.443978667259216309e-01
1.637303978204727173e-01
-1.641049385070800781e-01
-6.815323233604431152e-02
-1.075322404503822327e-01
8.723539859056472778e-02
2.508541755378246307e-02
1.995725929737091064e-01
-2.552600950002670288e-02
-1.081285327672958374e-01
-5.610186606645584106e-02
7.983691990375518799e-03
1.636300683021545410e-01
-9.038980305194854736e-02
-6.204096972942352295e-02
2.163285613059997559e-01
4.513930529356002808e-02
-5.248654633760452271e-02
-1.065813004970550537e-01
8.838576078414916992e-02
-1.897972524166107178e-01
2.041276544332504272e-02
-3.564670309424400330e-02
-2.477347478270530701e-02
4.555818811058998108e-02
1.992780342698097229e-02
8.154403418302536011e-03
1.471879482269287109e-01
-2.059273719787597656e-01
2.347490936517715454e-01
-7.138119637966156006e-02
-5.355003103613853455e-02
4.742404073476791382e-02
-6.746795028448104858e-02
-4.646543413400650024e-02
-4.884211719036102295e-02
1.406162977218627930e-01
-3.463567495346069336e-01
8.486835658550262451e-02
2.149599790573120117e-01
2.212981507182121277e-02
1.912205070257186890e-01
3.101815283298492432e-02
1.009839028120040894e-01
2.580470405519008636e-02
1.481629163026809692e-02
-2.346468716859817505e-01
-4.418144375085830688e-02
2.466145157814025879e-02
-3.978623077273368835e-02
-4.603062570095062256e-02
3.194648027420043945e-02
