-1.339876353740692139e-01
1.157366111874580383e-01
7.206096500158309937e-02
7.250316441059112549e-03
-1.097188442945480347e-01
4.306775704026222229e-02
-7.017713785171508789e-02
-1.007765159010887146e-01
1.648275554180145264e-01
-6.619957834482192993e-02
2.356445640325546265e-01
-2.608681470155715942e-02
-2.495033740997314453e-01
-7.045232504606246948e-02
-9.615123271942138672e-02
1.317851692438125610e-01
-2.142843306064605713e-01
-1.317133903503417969e-01
-2.430358156561851501e-02
-5.722742527723312378e-03
5.045843869447708130e-02
1.408861204981803894e-02
-3.610138595104217529e-02
8.064186573028564453e-02
-1.633411049842834473e-01
-4.118507504463195801e-01
-7.288596779108047485e-02
-1.002229601144790649e-01
-2.911647409200668335e-02
-1.638903021812438965e-01
-2.730545774102210999e-02
2.759494632482528687e-02
-1.753264069557189941e-01
-1.340661011636257172e-02
-4.787466675043106079e-02
3.062279522418975830e-02
-1.211661472916603088e-02
-2.983683347702026367e-02
1.617839932441711426e-01
3.908951580524444580e-02
-2.188877165317535400e-01
6.116788089275360107e-02
-5.854019150137901306e-02
2.799822688102722168e-01
1.366247534751892090e-01
6.316804885864257812e-02
3.287371993064880371e-02
-5.659391731023788452e-02
1.052399873733520508e-01
-2.548145651817321777e-01
4.215624183416366577e-03
2.269832491874694824e-01
5.170273408293724060e-02
-1.349445432424545288e-02
-9.582960046827793121e-03
-1.183215528726577759e-01
-7.633101940155029297e-02
7.379432767629623413e-02
-1.667401492595672607e-01
8.549396693706512451e-02
5.725451931357383728e-02
-1.072326228022575378e-01
3.748366236686706543e-02
-5.102823302149772644e-02
7.970091700553894043e-02
7.001310586929321289e-02
-1.063284426927566528e-01
-7.075543701648712158e-02
9.033362567424774170e-02
-1.846211850643157959e-01
-1.247119158506393433e-03
5.476689338684082031e-02
-6.110481917858123779e-02
-2.889321744441986084e-01
-2.549397945404052734e-01
5.070356279611587524e-02
4.974144697189331055e-01
1.549009382724761963e-01
-1.849144399166107178e-01
-3.173421323299407959e-02
-9.788506478071212769e-02
-5.845458060503005981e-02
8.895190060138702393e-02
7.265292108058929443e-02
-4.072443395853042603e-02
1.859746873378753662e-03
-1.335603296756744385e-01
6.801630556583404541e-02
2.368498891592025757e-01
2.672255411744117737e-02
4.165142774581909180e-03
2.452664226293563843e-01
2.971179783344268799e-03
2.819629572331905365e-02
3.526139259338378906e-02
8.652969449758529663e-02
-7.889737188816070557e-02
1.714434847235679626e-02
-2.930432185530662537e-02
5.753142386674880981e-02
-2.557252533733844757e-02
-8.367153257131576538e-02
-1.834750175476074219e-02
1.333685591816902161e-02
-1.378217041492462158e-01
1.887351870536804199e-01
2.405915781855583191e-02
-3.081761486828327179e-02
-4.465522617101669312e-02
2.377854287624359131e-02
-1.273185908794403076e-01
-1.649050042033195496e-02
2.010164707899093628e-01
-2.509219944477081299e-01
1.721089184284210205e-01
1.961145997047424316e-01
2.951274439692497253e-02
2.016034573316574097e-01
4.621075466275215149e-02
5.356932431459426880e-02
-6.549426913261413574e-02
-8.912874758243560791e-02
-1.081548631191253662e-01
-1.289578974246978760e-01
4.335267841815948486e-02
-5.066085979342460632e-02
1.069401502609252930e-01
-3.648203611373901367e-02
