-1.773035824298858643e-01
1.633100211620330811e-01
7.740251719951629639e-03
-5.276534706354141235e-03
-1.438843607902526855e-01
6.024091318249702454e-02
-7.705736160278320312e-02
-6.692947447299957275e-02
1.654089540243148804e-01
-1.013063341379165649e-01
2.001077383756637573e-01
8.844733238220214844e-03
-2.394280582666397095e-01
1.146303117275238037e-02
-1.999089866876602173e-02
1.716780066490173340e-01
-2.079724818468093872e-01
-1.829793453216552734e-01
-5.807540565729141235e-02
-1.401538401842117310e-01
-2.068793773651123047e-02
1.176305860280990601e-02
-6.218441575765609741e-02
8.498944342136383057e-02
-1.866622269153594971e-01
-2.660423219203948975e-01
-3.985665366053581238e-02
-1.677902936935424805e-01
9.273102879524230957e-02
-1.461414843797683716e-01
-2.186444401741027832e-02
-2.298647910356521606e-02
-1.889870315790176392e-01
-3.986081480979919434e-02
7.790379226207733154e-03
3.013867139816284180e-02
-3.131104260683059692e-02
-5.912014842033386230e-02
1.776475608348846436e-01
-1.801437884569168091e-02
-1.013445928692817688e-01
-3.000921010971069336e-02
8.224311470985412598e-02
3.097303807735443115e-01
1.564922630786895752e-01
3.519874811172485352e-02
5.256135016679763794e-02
-1.030372977256774902e-01
1.553808748722076416e-01
-2.727237343788146973e-01
1.217320859432220459e-01
1.572396457195281982e-01
1.342093795537948608e-01
1.174858063459396362e-01
5.040485411882400513e-02
-1.154001951217651367e-01
3.319740295410156250e-03
1.298643946647644043e-01
-1.890379786491394043e-01
1.697621941566467285e-01
8.806952089071273804e-02
8.230554312467575073e-02
-5.038345605134963989e-02
-1.178401894867420197e-02
2.573365271091461182e-01
1.366859078407287598e-01
-8.257617801427841187e-02
-1.514454931020736694e-01
2.065692991018295288e-01
-1.641528308391571045e-01
-1.175676137208938599e-01
7.053163647651672363e-02
-1.181961894035339355e-01
-2.181464731693267822e-01
-2.622784674167633057e-01
7.558603584766387939e-02
3.984754383563995361e-01
1.664731055498123169e-01
-1.252589076757431030e-01
1.864608190953731537e-02
-1.593623310327529907e-02
-9.861376881599426270e-02
5.878763645887374878e-02
7.663543522357940674e-02
-8.298534899950027466e-02
-1.269328892230987549e-01
-1.422544196248054504e-02
1.371316313743591309e-01
3.182080388069152832e-01
-4.242577590048313141e-03
-1.961548067629337311e-02
1.925707757472991943e-01
6.405501067638397217e-02
-7.756341248750686646e-02
-1.188807561993598938e-02
1.154407113790512085e-01
-6.275980919599533081e-02
-2.591736614704132080e-02
-1.057045683264732361e-01
-4.026053100824356079e-02
6.090993061661720276e-02
2.441589161753654480e-02
-1.773392781615257263e-02
1.356051564216613770e-01
-1.583908200263977051e-01
1.319459676742553711e-01
3.971574828028678894e-03
-3.830028325319290161e-02
-2.894943393766880035e-02
5.315613001585006714e-02
-1.408887207508087158e-01
-6.036986410617828369e-02
1.817219704389572144e-01
-1.848110556602478027e-01
2.391385585069656372e-01
1.687909215688705444e-01
4.629398882389068604e-02
5.237138271331787109e-02
4.137731622904539108e-03
2.639639005064964294e-02
1.002883240580558777e-01
-4.411862790584564209e-02
-1.435826122760772705e-01
-1.071741133928298950e-01
8.175573498010635376e-02
-8.246046304702758789e-02
-1.997327059507369995e-02
3.210100531578063965e-02
