-5.309772491455078125e-02
5.938233435153961182e-02
6.384776532649993896e-02
-8.793368935585021973e-02
-1.509469151496887207e-01
-5.990834534168243408e-02
-3.524222970008850098e-02
-9.191774576902389526e-02
2.011592388153076172e-01
-1.620216965675354004e-01
1.739039570093154907e-01
2.377768792212009430e-02
-2.758699357509613037e-01
1.231436878442764282e-01
-1.099425330758094788e-01
1.259374022483825684e-01
-1.933977603912353516e-01
-1.771039366722106934e-01
8.105270564556121826e-03
-1.065056622028350830e-01
1.270037889480590820e-02
-2.032561227679252625e-02
-1.681710407137870789e-02
8.120030909776687622e-02
-1.173838973045349121e-01
-3.144496083259582520e-01
-9.528803825378417969e-02
-6.180230528116226196e-02
3.879114240407943726e-02
-7.058344781398773193e-02
7.157762534916400909e-03
1.284306645393371582e-01
-1.150353103876113892e-01
5.577713623642921448e-02
5.081021413207054138e-02
3.960879892110824585e-02
-4.820815101265907288e-02
-7.226899266242980957e-02
2.205590605735778809e-01
8.669629693031311035e-02
-2.057017832994461060e-01
-9.589998051524162292e-03
6.945546716451644897e-03
2.810589671134948730e-01
1.850529164075851440e-01
3.025293536484241486e-02
7.943376898765563965e-02
-7.910557091236114502e-02
1.414261162281036377e-01
-2.974352836608886719e-01
4.525089263916015625e-02
1.974262595176696777e-01
4.629835113883018494e-02
2.666325122117996216e-02
9.964701533317565918e-02
-2.017180472612380981e-01
-2.160654589533805847e-02
1.663722544908523560e-01
-1.634032577276229858e-01
1.184272319078445435e-01
6.907890737056732178e-02
-9.402563422918319702e-02
1.629574410617351532e-02
-7.481418550014495850e-02
2.009931206703186035e-01
8.911546319723129272e-02
-1.551032066345214844e-01
-7.580546289682388306e-02
2.461306452751159668e-01
-2.275191098451614380e-01
-6.161135435104370117e-02
8.962378650903701782e-02
-1.042833924293518066e-01
-2.051936835050582886e-01
-2.099677920341491699e-01
2.140579000115394592e-02
4.070735871791839600e-01
2.530625164508819580e-01
-5.694163218140602112e-02
2.285699173808097839e-02
-4.419510439038276672e-02
-2.367710694670677185e-03
3.268158808350563049e-02
1.245559006929397583e-01
-1.252920031547546387e-01
-8.736401796340942383e-03
-8.727286756038665771e-02
-2.491461485624313354e-02
2.166269123554229736e-01
6.936097145080566406e-02
-5.463570356369018555e-02
2.567003667354583740e-01
-1.518777199089527130e-02
2.994456887245178223e-02
1.437351852655410767e-02
5.707493424415588379e-02
-1.548114120960235596e-01
-1.207052692770957947e-01
-1.539203524589538574e-01
-9.949982166290283203e-02
-9.903396666049957275e-02
-8.785548061132431030e-02
-4.752459004521369934e-02
1.603993177413940430e-01
-1.864304542541503906e-01
1.011399924755096436e-01
-1.250031143426895142e-01
-4.040907695889472961e-02
-1.172305494546890259e-01
6.693068891763687134e-02
-3.493756800889968872e-02
-3.197082877159118652e-02
1.125166341662406921e-01
-2.645761370658874512e-01
9.889648854732513428e-02
2.196133434772491455e-01
8.715366572141647339e-02
1.324568241834640503e-01
3.480834513902664185e-02
-2.948667109012603760e-02
5.953402258455753326e-03
-1.333183348178863525e-01
-1.184916943311691284e-01
-1.073079183697700500e-01
-4.489826038479804993e-03
-4.327760636806488037e-02
2.425114810466766357e-02
-1.311491616070270538e-02
