-2.202525436878204346e-01
9.837508201599121094e-02
1.448925584554672241e-03
-5.509053915739059448e-02
-3.752850741147994995e-02
5.351728945970535278e-02
-2.305192872881889343e-03
-6.684610247611999512e-02
1.268540471792221069e-01
-5.475343018770217896e-02
2.338665872812271118e-01
-1.824832707643508911e-02
-2.041677683591842651e-01
-5.397036299109458923e-02
2.135375142097473145e-02
1.211521029472351074e-01
-1.492478698492050171e-01
-9.209224581718444824e-02
-2.504359558224678040e-02
6.406053900718688965e-03
1.234235167503356934e-01
4.329632967710494995e-03
2.456789091229438782e-02
1.297993510961532593e-01
-2.132979035377502441e-01
-2.648456692695617676e-01
-1.056502312421798706e-01
-8.120929449796676636e-02
-3.640447556972503662e-02
-3.599036857485771179e-02
-4.404575377702713013e-02
-7.028017938137054443e-02
-2.138199955224990845e-01
-3.645056486129760742e-02
1.672734692692756653e-02
7.811123132705688477e-02
6.130943074822425842e-04
-1.291045546531677246e-02
1.450387388467788696e-01
-1.781637780368328094e-02
-1.886923164129257202e-01
9.808768518269062042e-03
9.500532597303390503e-02
2.524409890174865723e-01
1.716694086790084839e-01
2.898203581571578979e-02
-4.629255272448062897e-03
-5.894378572702407837e-02
7.318720221519470215e-02
-2.548509836196899414e-01
7.246606051921844482e-02
1.085987314581871033e-01
1.348492652177810669e-01
5.281084030866622925e-02
-2.376580610871315002e-03
-1.286223232746124268e-01
8.249565958976745605e-03
1.611926257610321045e-01
-1.023389026522636414e-01
1.012242212891578674e-01
4.079855605959892273e-02
-2.141781710088253021e-02
4.428166151046752930e-02
-1.878567412495613098e-02
1.816827654838562012e-01
1.115727424621582031e-01
-1.840528845787048340e-01
-1.592247188091278076e-01
7.588841952383518219e-03
-1.354474276304244995e-01
-5.920226871967315674e-02
8.384247869253158569e-02
-1.513272523880004883e-01
-2.598888874053955078e-01
-3.749852776527404785e-01
9.183451533317565918e-02
4.144086241722106934e-01
1.380351185798645020e-01
-2.158373594284057617e-01
-1.931038871407508850e-02
-7.420764863491058350e-02
4.426754266023635864e-02
1.111279949545860291e-01
1.076507717370986938e-01
-6.230145692825317383e-02
-4.041346162557601929e-02
-1.253667473793029785e-01
3.704547137022018433e-02
2.489459067583084106e-01
-1.540564373135566711e-02
-5.343933776021003723e-02
2.156805694103240967e-01
1.394611224532127380e-02
5.107180774211883545e-02
6.570685654878616333e-04
1.408822834491729736e-01
-7.478432357311248779e-02
-5.732886493206024170e-03
-9.047900140285491943e-02
6.110440567135810852e-02
-3.931108489632606506e-02
-3.795214742422103882e-02
-1.124903559684753418e-03
1.638111174106597900e-01
-2.069874107837677002e-01
1.273115724325180054e-01
2.769809216260910034e-04
-3.548736497759819031e-02
-3.440631181001663208e-02
7.692871987819671631e-02
-1.624396741390228271e-01
-5.088341981172561646e-02
6.973052769899368286e-02
-2.328696846961975098e-01
1.508268564939498901e-01
2.134150564670562744e-01
2.091947197914123535e-02
1.218791902065277100e-01
1.214206665754318237e-01
6.737625598907470703e-02
1.505730673670768738e-02
9.220250695943832397e-02
-1.182280033826828003e-01
-2.736793085932731628e-02
9.059727191925048828e-02
-5.653399601578712463e-02
9.972349554300308228e-02
-1.358879450708627701e-02
