-1.027064546942710876e-01
1.496299952268600464e-01
1.233735978603363037e-01
-1.094405055046081543e-01
-1.117802411317825317e-01
7.834093272686004639e-02
-3.917291015386581421e-02
-1.687089800834655762e-01
1.965817362070083618e-01
-1.326039284467697144e-01
1.601696461439132690e-01
-5.536516755819320679e-02
-2.710371613502502441e-01
3.156618028879165649e-02
-1.440432071685791016e-01
1.992945224046707153e-01
-1.685078889131546021e-01
-1.073746383190155029e-01
-1.349694728851318359e-01
-9.549841284751892090e-02
-3.481267392635345459e-02
8.397364616394042969e-02
1.819869726896286011e-01
3.105089440941810608e-02
-1.306534260511398315e-01
-3.306747972965240479e-01
-5.369736999273300171e-02
-9.560682624578475952e-02
4.432793706655502319e-03
-1.280158609151840210e-01
-2.351773530244827271e-02
6.771098822355270386e-02
-1.597100496292114258e-01
5.716901272535324097e-02
1.030810177326202393e-03
8.328358829021453857e-02
-1.060819178819656372e-01
-1.511037647724151611e-01
2.337552607059478760e-01
8.563638664782047272e-03
-1.897476166486740112e-01
-6.816044449806213379e-02
4.468778893351554871e-02
1.989322602748870850e-01
2.150620967149734497e-01
1.123868767172098160e-02
4.847921431064605713e-02
-1.685195714235305786e-01
1.837509721517562866e-01
-3.138041496276855469e-01
9.157963097095489502e-02
1.311209499835968018e-01
-2.141771838068962097e-02
7.441578805446624756e-02
6.269162893295288086e-02
-1.609829664230346680e-01
-1.679418049752712250e-02
1.367343217134475708e-01
-1.283704191446304321e-01
3.901716321706771851e-02
8.010005950927734375e-02
-5.302074551582336426e-02
-9.290108829736709595e-02
-1.105421781539916992e-01
1.944338977336883545e-01
1.863665580749511719e-01
-1.543524116277694702e-01
-1.820121705532073975e-01
2.339485734701156616e-01
-1.272462457418441772e-01
-1.555533614009618759e-02
1.540925502777099609e-01
-1.038852781057357788e-01
-1.673277467489242554e-01
-1.760547310113906860e-01
-1.731624454259872437e-02
4.663999974727630615e-01
1.306710541248321533e-01
-7.541037350893020630e-02
-8.916735649108886719e-02
-1.694423407316207886e-01
-4.109741747379302979e-02
-7.160042226314544678e-02
1.113132685422897339e-01
-8.315937221050262451e-02
-5.908485874533653259e-02
-4.949926584959030151e-02
2.998810261487960815e-02
2.316621840000152588e-01
-7.578987628221511841e-02
-9.219659864902496338e-02
2.454240024089813232e-01
1.891166716814041138e-02
3.293921239674091339e-03
-5.383145809173583984e-02
1.061657890677452087e-01
-1.834609210491180420e-01
5.627518892288208008e-02
-1.261294186115264893e-01
-3.476804494857788086e-02
1.803210377693176270e-02
-4.989355057477951050e-02
-4.048272222280502319e-02
1.122352480888366699e-01
-1.827484369277954102e-01
2.607386112213134766e-01
-4.918633401393890381e-02
-4.616895318031311035e-02
5.396709591150283813e-02
-6.164057180285453796e-02
-9.464970976114273071e-02
3.364199772477149963e-03
2.125470787286758423e-01
-2.818569242954254150e-01
1.542856693267822266e-01
1.651108413934707642e-01
8.217218518257141113e-02
1.736343502998352051e-01
6.354445219039916992e-02
1.518577039241790771e-01
5.804014205932617188e-02
-1.674428582191467285e-02
-1.779371052980422974e-01
-1.251555383205413818e-01
8.005268871784210205e-02
-2.757144719362258911e-02
-2.414609119296073914e-02
4.456539452075958252e-02
