-2.156213074922561646e-01
2.009666711091995239e-01
4.785722494125366211e-02
-6.744951009750366211e-02
-1.520433276891708374e-01
8.680354803800582886e-02
-9.908232837915420532e-02
-6.149115413427352905e-02
2.012910097837448120e-01
-1.071081534028053284e-01
1.361006200313568115e-01
8.883301168680191040e-03
-2.037890851497650146e-01
-1.078277677297592163e-01
-3.439959138631820679e-02
1.128381639719009399e-01
-1.433310508728027344e-01
-2.093781828880310059e-01
4.469381645321846008e-02
1.606231555342674255e-03
1.055560111999511719e-01
-3.901626914739608765e-02
5.303435027599334717e-03
8.408002555370330811e-02
-2.286882400512695312e-01
-3.608048260211944580e-01
-4.861594736576080322e-02
-9.976474940776824951e-02
-6.296657025814056396e-02
-1.118313521146774292e-01
-5.053863674402236938e-02
5.075017362833023071e-02
-2.503477632999420166e-01
-5.454402789473533630e-02
-4.145422577857971191e-02
1.202676296234130859e-01
6.457742303609848022e-02
6.680118292570114136e-02
1.756573766469955444e-01
2.315808087587356567e-04
-1.977212131023406982e-01
-1.274958252906799316e-02
1.933922246098518372e-02
2.712423503398895264e-01
1.283139586448669434e-01
-7.125412113964557648e-03
2.991928532719612122e-02
3.302470222115516663e-02
1.272265166044235229e-01
-2.553173303604125977e-01
4.437632858753204346e-02
1.602164953947067261e-01
7.691299915313720703e-02
-2.686455845832824707e-04
6.868532299995422363e-02
-1.117340773344039917e-01
4.851631820201873779e-03
8.029154688119888306e-02
-1.255313456058502197e-01
7.147086411714553833e-02
3.626232594251632690e-02
-1.148729100823402405e-01
-2.548799291253089905e-02
5.655243992805480957e-03
2.205897569656372070e-01
7.757306098937988281e-02
-5.481705069541931152e-02
-1.743697375059127808e-01
1.077976375818252563e-01
-6.455366313457489014e-02
-1.384407468140125275e-02
1.112930178642272949e-01
-8.179853856563568115e-02
-1.554118543863296509e-01
-2.987362742424011230e-01
1.072908788919448853e-01
4.110689759254455566e-01
1.627844721078872681e-01
-2.064046412706375122e-01
6.070383638143539429e-02
-1.170578226447105408e-01
-3.674453869462013245e-02
2.648790925741195679e-02
1.458751596510410309e-02
-7.474894076585769653e-02
1.024505943059921265e-01
-1.603826880455017090e-01
8.622061461210250854e-02
2.261154204607009888e-01
3.842545300722122192e-02
-1.132954098284244537e-02
2.204366177320480347e-01
6.816553324460983276e-02
5.836884677410125732e-02
6.367194652557373047e-02
6.500649452209472656e-02
-1.027600839734077454e-01
-5.038287490606307983e-02
-1.721785217523574829e-01
-6.290137767791748047e-03
4.061065241694450378e-02
-4.685706645250320435e-02
-4.552416503429412842e-02
1.175693571567535400e-01
-2.059918940067291260e-01
7.177606970071792603e-02
-3.954177349805831909e-02
-6.898144632577896118e-02
-1.590981632471084595e-01
5.422060564160346985e-02
-1.688980162143707275e-01
-3.053675964474678040e-02
9.914129972457885742e-02
-2.458437085151672363e-01
1.166025325655937195e-01
1.404630243778228760e-01
6.155727431178092957e-03
1.479659974575042725e-01
1.376184225082397461e-01
-2.530423551797866821e-02
2.457658015191555023e-02
-3.316886350512504578e-02
-3.102532029151916504e-02
-1.303153038024902344e-01
1.366302371025085449e-01
-4.124159738421440125e-02
9.426133334636688232e-02
2.464979514479637146e-02
