-1.267349869012832642e-01
1.540539711713790894e-01
4.088221490383148193e-02
-6.345003843307495117e-02
-2.041389346122741699e-01
2.358064800500869751e-02
-9.789672493934631348e-02
3.577247262001037598e-04
5.165249854326248169e-02
2.066428959369659424e-02
1.589210033416748047e-01
-5.228805169463157654e-02
-2.630302608013153076e-01
-9.558563679456710815e-02
4.034970700740814209e-02
1.646360307931900024e-01
-1.123623475432395935e-01
-1.695783585309982300e-01
-1.164187714457511902e-01
-3.243341296911239624e-02
1.139611005783081055e-03
8.447594940662384033e-02
1.161053031682968140e-02
1.130006015300750732e-01
-1.986009031534194946e-01
-3.425394296646118164e-01
-1.920072734355926514e-02
-8.315620571374893188e-02
4.778654128313064575e-02
-2.082431167364120483e-01
-4.774926230311393738e-02
4.890949279069900513e-02
-2.297563552856445312e-01
-5.966565012931823730e-02
4.026191309094429016e-02
1.903487294912338257e-01
-4.704450070858001709e-02
-6.406039744615554810e-02
1.705961078405380249e-01
1.390470862388610840e-01
-2.018489688634872437e-01
1.090900152921676636e-01
-5.836380273103713989e-02
3.360376954078674316e-01
2.597590386867523193e-01
2.612099796533584595e-02
8.868581801652908325e-02
-8.263263106346130371e-02
1.086732745170593262e-01
-2.265631258487701416e-01
7.962782680988311768e-02
2.152606844902038574e-01
1.150949001312255859e-01
9.690254926681518555e-03
1.886129938066005707e-02
-9.862168133258819580e-02
4.104521125555038452e-02
1.845321208238601685e-01
-2.855365574359893799e-01
3.301473706960678101e-02
8.358573913574218750e-02
-8.235614001750946045e-02
-1.683473028242588043e-02
-7.245294749736785889e-02
1.385840326547622681e-01
6.863538920879364014e-02
-5.555745586752891541e-02
-1.334421038627624512e-01
1.936690509319305420e-01
-1.455989181995391846e-01
-8.764983713626861572e-02
9.370394051074981689e-02
-1.105998307466506958e-01
-1.278059333562850952e-01
-3.577253222465515137e-01
3.964585810899734497e-02
3.394976258277893066e-01
1.320226788520812988e-01
-2.497912496328353882e-01
-7.201679050922393799e-03
-2.991775423288345337e-02
5.034511908888816833e-03
2.045731246471405029e-02
4.756860807538032532e-02
-9.364929795265197754e-02
-8.795600384473800659e-02
-1.102058216929435730e-01
8.882130682468414307e-02
2.170001268386840820e-01
1.367233879864215851e-02
4.000639542937278748e-02
1.625368446111679077e-01
1.235319077968597412e-01
-5.320786312222480774e-02
1.013696864247322083e-01
6.103399395942687988e-02
-8.640734851360321045e-02
-6.745248287916183472e-02
-6.897915899753570557e-02
-1.906429976224899292e-02
-3.057976998388767242e-02
-1.449370086193084717e-01
-1.401265338063240051e-02
1.140043884515762329e-01
-2.188452929258346558e-01
1.942994147539138794e-01
7.475418969988822937e-03
-1.013961583375930786e-01
-9.207771718502044678e-02
-2.939321100711822510e-02
-6.766742467880249023e-02
-9.106218814849853516e-03
1.913123279809951782e-01
-2.709078192710876465e-01
1.948407739400863647e-01
2.491902709007263184e-01
-9.910598397254943848e-03
8.575144410133361816e-02
4.928984120488166809e-02
8.126107603311538696e-02
-7.608910650014877319e-02
-4.015004634857177734e-02
-1.214995980262756348e-01
-1.351301670074462891e-01
5.363890156149864197e-02
-3.240212425589561462e-02
7.326830923557281494e-02
5.321105569601058960e-02
