-1.153267771005630493e-01
9.225630760192871094e-02
2.498101815581321716e-02
-6.514114886522293091e-02
-6.647141277790069580e-02
2.261287532746791840e-03
-5.973395705223083496e-02
-8.553349971771240234e-02
2.031575441360473633e-01
-1.017629057168960571e-01
2.005862146615982056e-01
9.416479617357254028e-03
-1.701608598232269287e-01
-3.010900318622589111e-02
-1.437273249030113220e-02
8.561152964830398560e-02
-2.310716211795806885e-01
-1.100371479988098145e-01
1.024127937853336334e-02
-6.131729856133460999e-02
3.297881782054901123e-02
-5.744386836886405945e-02
6.462088972330093384e-02
3.302644193172454834e-02
-1.125507801771163940e-01
-3.194301128387451172e-01
-1.105712354183197021e-01
-1.026871204376220703e-01
1.070819124579429626e-01
-1.107545718550682068e-01
-5.643926188349723816e-02
-3.200806304812431335e-02
-2.301347255706787109e-01
-2.975990064442157745e-02
-6.690408289432525635e-02
1.125477068126201630e-02
2.514220587909221649e-02
-3.431753069162368774e-02
1.839059889316558838e-01
-2.379664592444896698e-02
-1.084217056632041931e-01
-6.098892167210578918e-02
6.549715995788574219e-03
2.427572011947631836e-01
1.473361551761627197e-01
8.637415617704391479e-02
4.141250997781753540e-02
-5.915385484695434570e-02
7.481687515974044800e-02
-2.162010818719863892e-01
8.626621216535568237e-02
1.121795251965522766e-01
3.733891248703002930e-02
-3.077901899814605713e-03
3.254311531782150269e-02
-1.944845169782638550e-01
-1.718644052743911743e-03
1.428988575935363770e-01
-7.653667032718658447e-02
1.236050203442573547e-01
5.479243397712707520e-02
4.401449859142303467e-02
-1.146818511188030243e-03
5.188293755054473877e-03
2.993188500404357910e-01
8.129563927650451660e-02
-8.979941904544830322e-02
-1.039835885167121887e-01
1.288363486528396606e-01
-7.725355774164199829e-02
-2.757588401436805725e-03
2.045254036784172058e-02
-8.995510637760162354e-02
-2.095672786235809326e-01
-2.105469554662704468e-01
4.898542165756225586e-02
4.684107601642608643e-01
1.299815922975540161e-01
-1.427544504404067993e-01
6.933861970901489258e-02
-1.577379256486892700e-01
-7.625425606966018677e-02
1.054787486791610718e-01
3.666174784302711487e-02
-1.408577263355255127e-01
4.747922718524932861e-02
-1.487330794334411621e-01
6.089075282216072083e-02
2.313847094774246216e-01
1.709038205444812775e-02
9.942613542079925537e-03
1.869268715381622314e-01
-1.807853952050209045e-02
4.457431286573410034e-02
-8.072445169091224670e-03
3.328453004360198975e-02
-1.042703539133071899e-01
6.583513319492340088e-02
-1.287577450275421143e-01
-3.917893022298812866e-02
7.049473375082015991e-02
-8.875831961631774902e-02
-3.299956768751144409e-02
1.448439806699752808e-01
-2.496603876352310181e-01
1.149245128035545349e-01
3.110311739146709442e-02
-4.094685614109039307e-02
-6.929419934749603271e-03
5.858908593654632568e-02
-9.550079703330993652e-02
-4.979716241359710693e-02
1.369385868310928345e-01
-2.711813449859619141e-01
1.415988355875015259e-01
2.201490551233291626e-01
7.287770509719848633e-02
1.976344585418701172e-01
5.968195945024490356e-02
8.197289705276489258e-02
4.667003452777862549e-02
3.748662769794464111e-03
-1.703493446111679077e-01
-1.317533850669860840e-02
3.015031293034553528e-02
-3.335221484303474426e-02
5.323681235313415527e-02
7.967926561832427979e-02
