-1.785637736320495605e-01
7.093846052885055542e-02
4.752097651362419128e-02
-7.708426564931869507e-02
-1.377834081649780273e-01
2.967225573956966400e-02
-4.101965576410293579e-02
-4.062230139970779419e-02
1.774893999099731445e-01
-9.671668708324432373e-02
1.542582362890243530e-01
-1.637257635593414307e-03
-1.768012940883636475e-01
-2.966781333088874817e-02
-1.285506188869476318e-01
2.023674100637435913e-01
-1.506264060735702515e-01
-1.581931859254837036e-01
-5.588973686099052429e-02
-6.425895541906356812e-02
4.752361774444580078e-02
-4.450399428606033325e-02
1.679472625255584717e-02
1.767742186784744263e-01
-1.747754067182540894e-01
-3.880716562271118164e-01
1.449865475296974182e-02
-1.057004183530807495e-01
-2.603375166654586792e-02
-1.252510398626327515e-01
-3.764399886131286621e-02
4.833098500967025757e-02
-3.101764917373657227e-01
-6.072524935007095337e-03
-4.561577364802360535e-02
9.291876852512359619e-02
1.955529302358627319e-02
-2.200938761234283447e-02
1.121205091476440430e-01
4.521284252405166626e-02
-2.642698287963867188e-01
-5.287663638591766357e-02
1.067057773470878601e-01
2.264522910118103027e-01
2.530048489570617676e-01
7.983017712831497192e-02
2.059812843799591064e-02
-4.894928634166717529e-02
1.307041943073272705e-01
-2.709258198738098145e-01
-1.021392457187175751e-02
1.223789229989051819e-01
3.474435210227966309e-02
1.499887555837631226e-03
-4.018381610512733459e-02
-1.547598689794540405e-01
2.988941594958305359e-02
3.308031708002090454e-02
-1.385569274425506592e-01
-1.047844998538494110e-03
9.267957881093025208e-03
-6.478807330131530762e-02
-7.447283715009689331e-02
-4.765877500176429749e-02
2.864668071269989014e-01
6.187159568071365356e-02
-1.392622292041778564e-01
-9.075288474559783936e-02
1.971313655376434326e-01
-2.186301052570343018e-01
4.517022520303726196e-03
7.120205089449882507e-03
-5.790884792804718018e-02
-1.726755648851394653e-01
-3.225678205490112305e-01
-8.867743425071239471e-03
4.441811442375183105e-01
1.941359937191009521e-01
-1.124294102191925049e-01
1.528348475694656372e-01
-1.965689659118652344e-01
1.996601372957229614e-02
-4.597023501992225647e-02
1.465974450111389160e-01
-8.435662090778350830e-02
1.199148818850517273e-01
-4.987340420484542847e-02
3.102282434701919556e-02
1.907721757888793945e-01
6.678421050310134888e-02
5.693313851952552795e-02
2.630428969860076904e-01
2.316709607839584351e-03
1.747719570994377136e-02
1.756951771676540375e-02
3.977169841527938843e-02
-1.872747540473937988e-01
-1.782776601612567902e-02
-1.042618080973625183e-01
-6.541360914707183838e-02
-5.847200378775596619e-02
-1.109330635517835617e-02
5.923814699053764343e-02
8.914430439472198486e-02
-3.094931840896606445e-01
1.754670441150665283e-01
-4.730398952960968018e-02
2.381197363138198853e-02
4.455663263797760010e-02
9.351217746734619141e-02
-8.374731242656707764e-02
-1.105398088693618774e-01
8.139881491661071777e-02
-2.374615371227264404e-01
1.033358722925186157e-01
1.986097097396850586e-01
9.445715695619583130e-02
1.776983588933944702e-01
1.825141608715057373e-01
7.343982905149459839e-02
1.938444189727306366e-02
3.459248691797256470e-03
-1.635492742061614990e-01
-2.299726009368896484e-02
7.802460342645645142e-02
-1.905968040227890015e-01
9.095390886068344116e-02
5.372931063175201416e-02
