-7.126635313034057617e-02
1.301367580890655518e-01
2.538175135850906372e-02
-7.873322814702987671e-02
-1.037958413362503052e-01
2.933201380074024200e-03
4.561945796012878418e-02
-1.073275282979011536e-01
2.160364538431167603e-01
-1.301198452711105347e-01
1.762222796678543091e-01
-4.083415865898132324e-02
-2.693192958831787109e-01
-2.971425279974937439e-02
-1.179052516818046570e-01
1.674484908580780029e-01
-1.219301521778106689e-01
-1.849667429924011230e-01
-3.107050806283950806e-02
3.231422975659370422e-03
3.662075847387313843e-02
2.749667316675186157e-02
4.975695163011550903e-03
1.454774290323257446e-02
-1.429664194583892822e-01
-2.915801405906677246e-01
-9.829725325107574463e-02
-8.450102061033248901e-02
-3.063712827861309052e-02
-1.131491512060165405e-01
5.465392768383026123e-02
2.544977664947509766e-01
-1.155404895544052124e-01
-1.764339208602905273e-02
-7.138811051845550537e-03
1.045880317687988281e-01
-7.714284956455230713e-02
-7.666914910078048706e-02
2.415100336074829102e-01
5.642554163932800293e-02
-2.251709252595901489e-01
-1.486309170722961426e-01
1.012908294796943665e-01
4.059000909328460693e-01
1.344460099935531616e-01
-9.353967010974884033e-02
1.906628534197807312e-02
-3.607694804668426514e-02
8.419007062911987305e-02
-3.660949766635894775e-01
9.902250021696090698e-04
1.089950203895568848e-01
6.208132952451705933e-02
1.782589256763458252e-01
6.825478374958038330e-02
-1.208405047655105591e-01
9.281816333532333374e-02
4.342127963900566101e-02
-1.905082613229751587e-01
7.996422052383422852e-02
6.495981663465499878e-02
-2.144147902727127075e-01
-3.588212281465530396e-02
-9.854739904403686523e-02
2.548282742500305176e-01
8.189632743597030640e-02
-9.997025132179260254e-02
-1.050308793783187866e-01
2.241954803466796875e-01
-1.373713612556457520e-01
-8.623135089874267578e-02
1.611905097961425781e-01
-1.078311055898666382e-01
-1.483611762523651123e-01
-2.883402705192565918e-01
-4.948963969945907593e-02
3.738409578800201416e-01
1.737009882926940918e-01
-4.069646820425987244e-02
1.368407718837261200e-02
-1.250663250684738159e-01
-8.416558802127838135e-02
4.101035185158252716e-03
1.171541512012481689e-01
4.789213836193084717e-02
-2.452549338340759277e-02
-9.286037832498550415e-02
8.073595166206359863e-02
2.868558466434478760e-01
-1.274509727954864502e-01
-6.442251801490783691e-02
2.145356088876724243e-01
1.458365283906459808e-02
2.738303504884243011e-03
-6.622254103422164917e-02
8.195476233959197998e-02
-3.988750278949737549e-02
3.979372233152389526e-02
-1.299635618925094604e-01
5.048732459545135498e-02
2.017614431679248810e-02
-1.151037588715553284e-01
-4.072026163339614868e-02
1.356988698244094849e-01
-1.852525472640991211e-01
1.526688933372497559e-01
6.543803215026855469e-02
-1.387615315616130829e-02
1.255322434008121490e-02
-7.729847729206085205e-02
-1.086749732494354248e-01
1.467857509851455688e-03
1.802607923746109009e-01
-2.839533984661102295e-01
1.978817880153656006e-01
1.657716035842895508e-01
3.440042585134506226e-02
9.283857047557830811e-02
1.085165608674287796e-02
3.351008892059326172e-02
9.250426664948463440e-04
-1.844802349805831909e-01
-1.656907200813293457e-01
-8.660721778869628906e-02
5.623231083154678345e-02
2.085881307721138000e-03
-8.086384832859039307e-02
4.555031657218933105e-02
