-5.754236876964569092e-02
9.693940728902816772e-02
6.188090145587921143e-02
-7.441482692956924438e-02
-9.853053092956542969e-02
-3.176419530063867569e-03
-9.311068058013916016e-02
-8.994858711957931519e-02
2.259807288646697998e-01
-1.406609565019607544e-01
2.070689052343368530e-01
-1.321392506361007690e-02
-2.579437494277954102e-01
4.154166951775550842e-02
-7.630291581153869629e-02
1.532850414514541626e-01
-1.730794012546539307e-01
-1.526940613985061646e-01
-3.053669072687625885e-02
-1.449855417013168335e-02
9.098692238330841064e-02
-9.051738306879997253e-03
6.715509295463562012e-02
6.739375740289688110e-02
-7.075289636850357056e-02
-3.886143565177917480e-01
4.622401669621467590e-03
-3.231664374470710754e-02
3.019883297383785248e-02
-2.294806949794292450e-02
-7.336781919002532959e-02
-1.680660620331764221e-02
-2.723161578178405762e-01
-4.495992511510848999e-02
4.935752600431442261e-02
1.529990285634994507e-01
-8.800944685935974121e-02
-1.070981323719024658e-01
2.243089526891708374e-01
-1.553328707814216614e-02
-2.912380099296569824e-01
-7.730680704116821289e-02
3.751290962100028992e-02
2.093597650527954102e-01
1.655440628528594971e-01
3.445278108119964600e-02
-1.435051485896110535e-02
-1.553439199924468994e-01
1.103410050272941589e-01
-2.545263469219207764e-01
5.562095716595649719e-02
1.577731966972351074e-01
8.156620711088180542e-02
4.531748592853546143e-02
6.657510995864868164e-02
-1.859346628189086914e-01
4.393860697746276855e-02
1.467865109443664551e-01
-1.393724232912063599e-01
-4.956787824630737305e-02
4.196729511022567749e-02
-9.898425638675689697e-02
1.547203958034515381e-02
-1.656110584735870361e-01
3.201991915702819824e-01
6.564457714557647705e-02
-1.139332950115203857e-01
-1.521805524826049805e-01
1.794433295726776123e-01
-1.050689294934272766e-01
-6.478743255138397217e-02
1.389796286821365356e-01
-7.286223769187927246e-02
-1.958837658166885376e-01
-2.928419709205627441e-01
-5.951327085494995117e-02
4.295357763767242432e-01
1.824560165405273438e-01
-1.572557687759399414e-01
5.927019566297531128e-02
-1.049432754516601562e-01
-3.678118064999580383e-02
6.874132901430130005e-02
1.615953296422958374e-01
1.215607486665248871e-02
1.240790337324142456e-01
-9.118884801864624023e-02
1.287602633237838745e-02
2.185014784336090088e-01
-4.094387963414192200e-02
-7.551266998052597046e-02
1.825151741504669189e-01
-1.582463085651397705e-02
9.260484576225280762e-02
8.040472865104675293e-03
1.241442933678627014e-02
-1.505762040615081787e-01
1.701067388057708740e-02
-2.559248805046081543e-01
-1.108456104993820190e-01
-2.707614935934543610e-02
5.972956866025924683e-02
-5.544677376747131348e-03
1.408048570156097412e-01
-2.228875607252120972e-01
8.972535282373428345e-02
-5.729099735617637634e-03
-5.533429607748985291e-02
3.798764944076538086e-02
-1.492393203079700470e-02
-5.136858671903610229e-02
-8.052435517311096191e-02
1.029464304447174072e-01
-3.312206864356994629e-01
1.830800324678421021e-01
1.588398963212966919e-01
1.346079856157302856e-01
1.751337200403213501e-01
7.525746524333953857e-02
-1.462177373468875885e-03
2.999465912580490112e-02
-8.666501939296722412e-02
-2.702913284301757812e-01
-4.327943176031112671e-02
5.491327494382858276e-02
-3.205946460366249084e-02
1.266976594924926758e-01
2.337800338864326477e-02
