-4.581638798117637634e-02
4.536399617791175842e-02
-1.678062230348587036e-02
-3.011895716190338135e-02
-1.292741894721984863e-01
9.214165061712265015e-02
-5.688658356666564941e-02
-5.556944385170936584e-02
1.571377664804458618e-01
-1.449088305234909058e-01
2.207651585340499878e-01
-3.273276239633560181e-02
-1.572787761688232422e-01
3.544566407799720764e-02
-2.132394164800643921e-02
1.524639427661895752e-01
-1.007154509425163269e-01
-1.520800292491912842e-01
-9.156833589076995850e-02
-8.608894795179367065e-02
-1.604986935853958130e-02
5.619722418487071991e-03
-1.314083933830261230e-01
6.447073817253112793e-02
-1.666108071804046631e-01
-3.352265357971191406e-01
-3.921628743410110474e-02
-9.549956768751144409e-02
4.674226790666580200e-02
-7.373909652233123779e-02
-2.133984118700027466e-02
7.802591472864151001e-02
-7.003173232078552246e-02
3.679693117737770081e-02
7.924398034811019897e-02
3.293371573090553284e-02
1.974026486277580261e-02
-1.956187188625335693e-02
2.529041767120361328e-01
2.649951726198196411e-02
-2.050718367099761963e-01
1.132469773292541504e-01
9.070421755313873291e-02
2.878873348236083984e-01
1.174848824739456177e-01
2.571340277791023254e-02
5.687230080366134644e-02
-2.355994470417499542e-02
1.408756077289581299e-01
-2.923346161842346191e-01
1.710796542465686798e-02
1.551999449729919434e-01
1.140725761651992798e-01
4.173754900693893433e-02
7.373291999101638794e-02
-1.336408257484436035e-01
-4.206470772624015808e-02
1.637837141752243042e-01
-1.887575984001159668e-01
1.432295590639114380e-01
4.415279626846313477e-02
-5.304053425788879395e-02
-5.619475245475769043e-02
-4.372686147689819336e-02
2.464340031147003174e-01
1.409434080123901367e-01
-1.560155302286148071e-01
-1.344672590494155884e-01
1.742280870676040649e-01
-1.357635706663131714e-01
-8.388094604015350342e-02
7.993876002728939056e-03
-1.161930561065673828e-01
-2.073161602020263672e-01
-2.473350018262863159e-01
1.350767612457275391e-01
4.660302400588989258e-01
2.076288163661956787e-01
-2.019350826740264893e-01
5.789906159043312073e-02
-1.684582233428955078e-02
-1.212023943662643433e-02
9.139455854892730713e-02
5.794821679592132568e-02
-6.204349547624588013e-02
-1.437994390726089478e-01
-1.762703061103820801e-02
1.251900196075439453e-02
2.569909691810607910e-01
5.153172463178634644e-02
2.042479999363422394e-02
1.923854649066925049e-01
1.358667388558387756e-02
5.823784507811069489e-03
-5.769253894686698914e-02
9.522535651922225952e-02
-1.202448979020118713e-01
-5.353375524282455444e-02
-8.414906263351440430e-02
-1.722078770399093628e-02
3.268193826079368591e-02
-1.787643134593963623e-02
8.593805134296417236e-02
1.834580749273300171e-01
-2.582052350044250488e-01
1.750490963459014893e-01
-9.020074456930160522e-02
-4.019121080636978149e-02
5.412062257528305054e-02
1.974097043275833130e-01
-3.467810899019241333e-02
-2.571716904640197754e-02
1.322407424449920654e-01
-2.625653445720672607e-01
1.424891203641891479e-01
1.777432262897491455e-01
7.620029151439666748e-02
1.024281457066535950e-01
8.916852623224258423e-02
7.828439585864543915e-03
7.868245244026184082e-02
1.726230978965759277e-02
-2.080142796039581299e-01
-1.460636407136917114e-01
-2.880510874092578888e-03
-6.142682209610939026e-02
-3.017655014991760254e-02
4.165947437286376953e-02
