-1.009666994214057922e-01
2.850452624261379242e-02
4.873740673065185547e-02
-1.782979443669319153e-02
-1.508252024650573730e-01
-2.682157792150974274e-02
-6.967249512672424316e-02
-2.349441498517990112e-02
1.669044047594070435e-01
-4.501836001873016357e-02
1.718827933073043823e-01
6.848832964897155762e-02
-1.822622716426849365e-01
3.791690990328788757e-02
-1.201761439442634583e-01
1.635019630193710327e-01
-1.961645781993865967e-01
-1.312512010335922241e-01
3.243546932935714722e-03
-7.168510556221008301e-02
8.007988333702087402e-02
1.424451768398284912e-01
2.133589237928390503e-03
1.203764975070953369e-01
-1.015113368630409241e-01
-2.642125785350799561e-01
-6.118201464414596558e-02
-7.237635552883148193e-02
1.118444465100765228e-02
-6.962843239307403564e-02
5.631729215383529663e-02
8.608120679855346680e-02
-1.530444473028182983e-01
2.250055782496929169e-02
6.518949568271636963e-02
4.407354816794395447e-02
2.588267438113689423e-03
-2.124972641468048096e-02
2.303240001201629639e-01
1.102306321263313293e-01
-1.613486111164093018e-01
7.619611918926239014e-02
5.000874400138854980e-03
3.677650988101959229e-01
1.527551412582397461e-01
7.845411449670791626e-02
-3.028172627091407776e-02
-6.657817959785461426e-02
1.694068461656570435e-01
-3.432395160198211670e-01
4.489037767052650452e-02
1.742658764123916626e-01
1.115189939737319946e-01
3.615684807300567627e-03
2.014380320906639099e-02
-1.561122834682464600e-01
7.849221676588058472e-02
1.017627343535423279e-01
-2.495955377817153931e-01
1.392901092767715454e-01
-1.521565578877925873e-02
-1.713809520006179810e-01
8.126439899206161499e-02
-2.889371849596500397e-02
2.104890644550323486e-01
7.369567453861236572e-02
-9.041954576969146729e-02
-1.215236112475395203e-01
9.867268800735473633e-02
-1.890637427568435669e-01
-1.224475502967834473e-01
7.753869891166687012e-02
-8.150982111692428589e-02
-1.657194644212722778e-01
-3.427990972995758057e-01
-1.416631694883108139e-02
4.554451704025268555e-01
1.187599673867225647e-01
-2.243055105209350586e-01
7.992526888847351074e-02
-2.747783251106739044e-02
-4.921970888972282410e-03
8.760368824005126953e-02
1.062391847372055054e-01
-9.008003771305084229e-02
-9.100010246038436890e-02
-1.878005564212799072e-01
-4.015807807445526123e-02
2.578048408031463623e-01
-2.328688651323318481e-02
-6.640708446502685547e-02
2.735916078090667725e-01
6.413444876670837402e-02
6.149557232856750488e-02
6.244242936372756958e-02
7.027725875377655029e-02
-8.850596100091934204e-02
-4.328450560569763184e-02
-8.342551440000534058e-02
-1.933838427066802979e-02
-6.222699210047721863e-02
-3.394892811775207520e-02
-3.017393872141838074e-03
8.188293874263763428e-02
-2.117090821266174316e-01
1.635788977146148682e-01
-4.855169355869293213e-02
-6.507933139801025391e-02
-7.050076872110366821e-02
4.073557257652282715e-02
-1.457345783710479736e-01
-2.775458618998527527e-02
1.487429887056350708e-01
-2.524602711200714111e-01
2.358184456825256348e-01
1.625538319349288940e-01
4.976463317871093750e-02
1.997025012969970703e-01
2.527654170989990234e-02
4.580389708280563354e-02
-9.367942810058593750e-02
-3.665639460086822510e-02
-6.957305222749710083e-02
-1.047738119959831238e-01
5.265342444181442261e-02
-6.494712829589843750e-02
8.473350852727890015e-02
6.114782392978668213e-02
