-4.712142795324325562e-02
4.056498780846595764e-02
1.617193594574928284e-02
-4.361525177955627441e-02
-6.264558434486389160e-02
3.139557689428329468e-02
-7.186302542686462402e-02
3.736509382724761963e-02
1.287211179733276367e-01
-7.283223792910575867e-03
1.748813837766647339e-01
2.277258783578872681e-03
-2.728225886821746826e-01
-7.152054458856582642e-03
-2.093160152435302734e-02
1.114603653550148010e-01
-9.837633371353149414e-02
-4.967689886689186096e-02
-4.673506692051887512e-02
2.917242608964443207e-02
2.523837611079216003e-02
5.995620787143707275e-02
-3.645133227109909058e-02
2.385742962360382080e-03
-9.042016416788101196e-02
-3.310512602329254150e-01
-5.285408347845077515e-03
-1.400794386863708496e-01
1.714158244431018829e-02
-1.635350286960601807e-01
-5.026322603225708008e-02
-2.725980989634990692e-02
-1.463509798049926758e-01
5.236675962805747986e-03
4.621180891990661621e-02
8.748544752597808838e-02
-3.764355182647705078e-02
-6.267988681793212891e-02
1.733887791633605957e-01
1.052052080631256104e-01
-1.635355502367019653e-01
-2.561287209391593933e-02
-6.155408173799514771e-02
2.729551196098327637e-01
5.419293791055679321e-02
7.803709059953689575e-02
3.954753279685974121e-02
-1.242529898881912231e-01
9.905076026916503906e-02
-2.383784800767898560e-01
1.235712915658950806e-01
1.436911225318908691e-01
1.171187013387680054e-01
3.382671251893043518e-02
3.653783351182937622e-02
-1.774598211050033569e-01
7.375882565975189209e-02
5.649033188819885254e-02
-3.413569927215576172e-01
9.299804270267486572e-02
1.427401900291442871e-01
3.933497890830039978e-02
-5.185369402170181274e-02
-7.212649285793304443e-02
2.063111662864685059e-01
7.941775023937225342e-02
-1.235190480947494507e-01
-8.364940434694290161e-02
1.532573848962783813e-01
-1.423345804214477539e-01
2.743486315011978149e-02
2.714177127927541733e-03
-5.684842169284820557e-02
-2.701754868030548096e-01
-1.986082494258880615e-01
7.800938934087753296e-02
2.361623495817184448e-01
2.288591861724853516e-01
-1.820067316293716431e-01
-5.889447405934333801e-03
-1.119062080979347229e-01
-2.531903050839900970e-02
6.790534406900405884e-02
-2.657217904925346375e-02
-6.737399101257324219e-02
4.710516333580017090e-02
-4.535198211669921875e-02
3.072643280029296875e-02
1.629244685173034668e-01
-3.720677271485328674e-02
6.425134837627410889e-02
1.909292787313461304e-01
1.039646565914154053e-03
-6.825976073741912842e-02
1.006972044706344604e-03
8.023962378501892090e-03
-1.018713414669036865e-01
1.306738518178462982e-02
-8.478824794292449951e-02
7.284801453351974487e-03
3.826430812478065491e-02
-1.806969195604324341e-01
7.851787656545639038e-02
8.356627821922302246e-02
-2.586600780487060547e-01
1.351420879364013672e-01
5.922827869653701782e-03
-1.153050363063812256e-01
5.920395255088806152e-02
2.340193465352058411e-02
-1.790804266929626465e-01
-1.061893105506896973e-01
2.068559974431991577e-01
-2.587429881095886230e-01
2.488905489444732666e-01
1.748823970556259155e-01
1.417413353919982910e-01
1.332599222660064697e-01
5.124357715249061584e-02
1.046806871891021729e-01
-1.714933663606643677e-02
-7.207968831062316895e-02
-1.788609921932220459e-01
-8.068567514419555664e-02
1.697884500026702881e-02
2.136776223778724670e-02
6.946017034351825714e-03
3.562331199645996094e-02
