-1.481491327285766602e-02
1.945171505212783813e-01
6.524314731359481812e-02
-1.991817355155944824e-02
-1.304399818181991577e-01
1.029921770095825195e-01
-1.197094023227691650e-01
-2.675742655992507935e-02
2.331234216690063477e-01
-1.060316115617752075e-01
2.334208637475967407e-01
9.697307646274566650e-02
-1.909160017967224121e-01
7.980242371559143066e-04
-9.364621341228485107e-02
1.510099321603775024e-01
-2.081862837076187134e-01
-1.059010773897171021e-01
-5.505475029349327087e-02
-4.186145216226577759e-02
5.596315488219261169e-02
1.087008863687515259e-01
8.940082043409347534e-03
1.911244541406631470e-02
-1.194441616535186768e-01
-3.645094037055969238e-01
-1.745755411684513092e-02
-4.845609143376350403e-02
7.654445618391036987e-02
-7.476295530796051025e-02
-3.923899307847023010e-02
6.030897051095962524e-02
-2.067063152790069580e-01
-4.195064306259155273e-02
-1.152584329247474670e-02
7.495794445276260376e-02
-1.062315702438354492e-01
-1.302792131900787354e-02
1.644920408725738525e-01
1.189838200807571411e-01
-1.368922293186187744e-01
1.470993757247924805e-01
-2.637809142470359802e-02
3.291434347629547119e-01
1.548900604248046875e-01
7.300588488578796387e-02
7.031834125518798828e-02
-2.682919427752494812e-02
1.290199011564254761e-01
-3.813662827014923096e-01
7.968360185623168945e-02
1.855226755142211914e-01
9.770984947681427002e-02
4.591587185859680176e-02
6.162413954734802246e-02
-2.014667689800262451e-01
-7.940285652875900269e-02
1.125899404287338257e-01
-1.487496793270111084e-01
1.923769414424896240e-01
9.568321704864501953e-02
-3.768106922507286072e-02
-3.837623819708824158e-02
-1.142876446247100830e-01
1.702009141445159912e-01
1.465878784656524658e-01
-1.170232743024826050e-01
-1.391767412424087524e-01
1.089082434773445129e-01
-1.139160767197608948e-01
-7.052101194858551025e-02
6.743635237216949463e-02
-9.452352672815322876e-02
-2.059779763221740723e-01
-2.487292736768722534e-01
1.182322427630424500e-01
4.595836400985717773e-01
2.181102335453033447e-01
-1.282776594161987305e-01
-3.109338507056236267e-02
-1.526101212948560715e-02
9.802056476473808289e-03
4.126558080315589905e-03
4.034966975450515747e-02
-8.407654613256454468e-02
-3.264210373163223267e-02
-1.033428162336349487e-01
7.639912515878677368e-02
2.003884166479110718e-01
2.358954586088657379e-02
-7.749667763710021973e-02
2.790430784225463867e-01
1.929321885108947754e-02
9.179483354091644287e-02
-3.683295845985412598e-02
4.057445377111434937e-02
-1.127637922763824463e-01
-1.822360791265964508e-02
-1.899221837520599365e-01
8.679926395416259766e-05
-4.013197124004364014e-02
-6.245686486363410950e-02
-2.917809411883354187e-02
8.068017661571502686e-02
-9.418801963329315186e-02
1.913438886404037476e-01
-6.835687905550003052e-02
2.129239961504936218e-03
-1.265728659927845001e-02
9.883303940296173096e-02
-1.992118954658508301e-01
1.488912105560302734e-02
1.932708024978637695e-01
-1.882351636886596680e-01
2.458841800689697266e-01
1.800101846456527710e-01
1.189123839139938354e-01
1.462716460227966309e-01
1.640499979257583618e-01
3.848552703857421875e-02
2.172618173062801361e-02
-2.779681235551834106e-02
-1.690519750118255615e-01
-1.692716330289840698e-01
1.208177674561738968e-02
-7.959552854299545288e-02
4.059661924839019775e-02
3.753626346588134766e-02
