-4.180550575256347656e-02
6.129337474703788757e-02
1.802468299865722656e-02
-1.309975236654281616e-02
-7.544635236263275146e-02
7.116903364658355713e-02
-4.134507849812507629e-03
-6.298010051250457764e-02
1.776093244552612305e-01
-1.824305355548858643e-01
2.416558265686035156e-01
-1.268517524003982544e-01
-3.118485510349273682e-01
4.768954962491989136e-02
-1.206859201192855835e-02
1.904634386301040649e-01
-1.173689141869544983e-01
-9.648658335208892822e-02
-5.604777485132217407e-02
-2.769616991281509399e-02
1.310949325561523438e-01
5.537674203515052795e-02
-4.012650996446609497e-02
5.905848741531372070e-02
-1.445684731006622314e-01
-3.796589970588684082e-01
-3.173721581697463989e-02
-5.250550806522369385e-02
-4.047182947397232056e-02
-6.017033383250236511e-02
2.913159504532814026e-02
9.634418040513992310e-02
-1.570402979850769043e-01
4.359787702560424805e-02
4.443790763616561890e-02
9.731324762105941772e-02
-5.787128210067749023e-02
-9.491038322448730469e-02
2.101761251688003540e-01
-9.363390505313873291e-03
-2.883918583393096924e-01
-8.649080991744995117e-02
1.637510508298873901e-01
2.184122204780578613e-01
8.367732167243957520e-02
-5.382280051708221436e-02
-1.323744747787714005e-02
-7.104623317718505859e-02
7.342722266912460327e-02
-2.794252932071685791e-01
1.286783721297979355e-02
9.442608058452606201e-02
9.401932358741760254e-02
1.161023080348968506e-01
1.096246689558029175e-01
-2.031016647815704346e-01
3.687422722578048706e-03
1.039075255393981934e-01
-1.939200907945632935e-01
2.689517848193645477e-02
5.937871336936950684e-02
-9.747168421745300293e-02
-1.541287731379270554e-02
-9.687239676713943481e-02
2.145850807428359985e-01
4.610698670148849487e-02
-1.256554275751113892e-01
-1.580276936292648315e-01
1.861901879310607910e-01
-1.548064351081848145e-01
-1.548870280385017395e-02
1.633974462747573853e-01
-8.524075895547866821e-02
-2.775574028491973877e-01
-2.559159994125366211e-01
3.428335487842559814e-02
4.368694424629211426e-01
1.778664737939834595e-01
-1.608134210109710693e-01
4.977827891707420349e-02
2.904804423451423645e-03
-7.768539339303970337e-02
1.221138685941696167e-01
1.516241878271102905e-01
1.276000738143920898e-01
3.244608640670776367e-03
-5.941912531852722168e-02
4.042964428663253784e-02
2.148826569318771362e-01
-7.135097682476043701e-02
-2.898461744189262390e-02
2.408285140991210938e-01
-3.029566258192062378e-03
-2.388531528413295746e-02
7.106404751539230347e-03
4.484876245260238647e-02
-1.257033944129943848e-01
-3.289330750703811646e-03
-1.991891562938690186e-01
-3.171367198228836060e-02
-8.618721365928649902e-02
-5.708390474319458008e-02
-3.311067447066307068e-02
7.123240828514099121e-02
-1.732764095067977905e-01
1.537558138370513916e-01
2.818726561963558197e-02
-9.239308536052703857e-02
2.492679283022880554e-03
5.885078012943267822e-02
-1.290642023086547852e-01
-4.155851528048515320e-02
1.294786483049392700e-01
-3.319593667984008789e-01
1.000704765319824219e-01
9.890454262495040894e-02
7.631550729274749756e-02
1.978881359100341797e-01
4.219099506735801697e-02
1.220679730176925659e-01
6.900990009307861328e-02
-8.017469942569732666e-02
-2.353278994560241699e-01
-8.493665605783462524e-02
4.052352532744407654e-02
-1.420703716576099396e-02
-1.624871045351028442e-02
-1.862823031842708588e-02
