-6.686979532241821289e-02
1.213419437408447266e-01
2.750322222709655762e-02
-1.115834563970565796e-01
-1.221838146448135376e-01
-2.554980292916297913e-02
-9.981571137905120850e-02
-1.131707429885864258e-01
1.939373314380645752e-01
-1.093007996678352356e-01
2.158898860216140747e-01
-6.085427850484848022e-02
-2.108783423900604248e-01
-5.616039782762527466e-02
-1.043491810560226440e-01
2.585663199424743652e-01
-2.383690327405929565e-01
-1.448407769203186035e-01
-2.196278981864452362e-02
2.469725534319877625e-02
7.284135371446609497e-02
-1.848481036722660065e-02
-6.890062242746353149e-03
9.811629354953765869e-02
-1.542328894138336182e-01
-3.598702847957611084e-01
-1.281625777482986450e-01
-4.114794358611106873e-02
-7.539106160402297974e-02
-1.061478480696678162e-01
-6.491461396217346191e-02
6.534814089536666870e-02
-2.230989634990692139e-01
-6.453053653240203857e-02
3.549043834209442139e-02
6.792598962783813477e-02
-4.820750653743743896e-02
-8.952695131301879883e-02
1.632959395647048950e-01
2.772310376167297363e-02
-2.220945954322814941e-01
7.329115271568298340e-02
1.135185137391090393e-01
2.479592263698577881e-01
1.735112816095352173e-01
4.168786853551864624e-02
3.301007300615310669e-02
-1.748257130384445190e-01
1.585375666618347168e-01
-1.523006856441497803e-01
-3.573094494640827179e-03
1.650908589363098145e-01
3.145831078290939331e-02
4.874630272388458252e-02
1.520429737865924835e-02
-8.143535256385803223e-02
2.022756263613700867e-02
1.935026794672012329e-01
-1.544862687587738037e-01
1.515973731875419617e-02
1.094432473182678223e-01
-6.369420886039733887e-02
-5.579806119203567505e-02
-1.518304944038391113e-01
2.237391322851181030e-01
1.084343045949935913e-01
-1.060639098286628723e-01
-2.174065709114074707e-01
1.663095355033874512e-01
-1.103704571723937988e-01
-1.079192683100700378e-01
1.257421262562274933e-02
-1.344145089387893677e-01
-2.093309462070465088e-01
-2.843916714191436768e-01
-1.343082077801227570e-02
3.314689695835113525e-01
1.487077474594116211e-01
-1.945193856954574585e-01
8.963833004236221313e-02
-3.462947532534599304e-02
-3.004429861903190613e-02
8.102639019489288330e-02
1.376060843467712402e-01
-8.282678201794624329e-03
6.177217140793800354e-02
-8.818075060844421387e-02
2.256740629673004150e-02
2.706975042819976807e-01
-2.483335696160793304e-02
4.818703979253768921e-02
2.345805466175079346e-01
4.837516695261001587e-03
4.938037693500518799e-02
1.890546083450317383e-02
-3.621418774127960205e-02
-1.623383760452270508e-01
4.551057517528533936e-02
-2.280648350715637207e-01
-4.953387379646301270e-02
-1.761395111680030823e-02
2.626034244894981384e-02
-2.871924266219139099e-02
1.177126169204711914e-01
-1.120010688900947571e-01
1.324056088924407959e-01
5.120626650750637054e-03
-3.692667931318283081e-03
-5.216409638524055481e-02
1.910343766212463379e-02
-1.296513080596923828e-01
-7.746815681457519531e-02
1.268127709627151489e-01
-1.825359761714935303e-01
1.903724372386932373e-01
1.152009293437004089e-01
1.007354632019996643e-01
7.428399473428726196e-02
1.595638841390609741e-01
9.552988409996032715e-02
-3.197048604488372803e-02
-2.464187145233154297e-02
-2.230553030967712402e-01
-1.326041668653488159e-02
1.681546419858932495e-01
-7.446614652872085571e-02
1.482216566801071167e-01
-3.049683943390846252e-02
