-5.058275163173675537e-02
1.421608626842498779e-01
2.066455781459808350e-02
-1.199645102024078369e-01
-1.341181248426437378e-01
-1.291088387370109558e-02
-9.868421405553817749e-02
-1.646231114864349365e-01
1.404569745063781738e-01
-1.452912986278533936e-01
2.131119221448898315e-01
-2.121417224407196045e-02
-2.028511464595794678e-01
-1.531116664409637451e-02
-1.102766990661621094e-01
2.353532761335372925e-01
-2.368835955858230591e-01
-1.946577578783035278e-01
-7.330866996198892593e-03
3.011505492031574249e-02
9.442926943302154541e-02
-8.159900084137916565e-03
7.387198507785797119e-02
8.534063398838043213e-02
-1.236833930015563965e-01
-3.180795609951019287e-01
-1.003503575921058655e-01
-1.592878252267837524e-03
-7.579494267702102661e-02
-9.265256673097610474e-02
-5.155909806489944458e-02
5.783401057124137878e-02
-2.182179540395736694e-01
3.329657763242721558e-02
1.712013036012649536e-02
1.078350022435188293e-01
-2.957139629870653152e-03
-1.441255211830139160e-01
1.413993090391159058e-01
4.761113971471786499e-02
-2.795931994915008545e-01
5.081091076135635376e-02
6.316068768501281738e-02
2.434908896684646606e-01
2.433489412069320679e-01
-6.294661015272140503e-02
-7.303596008569002151e-03
-1.314686685800552368e-01
6.911942362785339355e-02
-2.007749974727630615e-01
3.576652333140373230e-02
1.321409493684768677e-01
4.696224629878997803e-02
5.787409842014312744e-03
-2.984156273305416107e-02
-1.077718138694763184e-01
5.104571580886840820e-03
1.471041589975357056e-01
-8.036541938781738281e-02
-4.327749088406562805e-02
9.862284362316131592e-02
-5.525522679090499878e-02
-3.882765024900436401e-02
-1.697934716939926147e-01
1.841444075107574463e-01
1.643508523702621460e-01
-1.236959844827651978e-01
-2.253812700510025024e-01
1.100570112466812134e-01
-1.442368179559707642e-01
-1.282437741756439209e-01
5.937251448631286621e-02
-1.897775977849960327e-01
-1.893482506275177002e-01
-2.642186880111694336e-01
-5.771734938025474548e-02
3.068597018718719482e-01
1.480847746133804321e-01
-1.802659481763839722e-01
2.640449628233909607e-02
-7.065040059387683868e-03
5.307433009147644043e-02
5.126329511404037476e-02
1.929558664560317993e-01
4.323638975620269775e-03
8.876536041498184204e-02
-1.043984591960906982e-01
5.475583299994468689e-02
2.397341430187225342e-01
-4.621219635009765625e-02
-7.660849392414093018e-02
2.931593656539916992e-01
-3.581302613019943237e-02
5.425765737891197205e-02
2.833775803446769714e-02
1.203178241848945618e-02
-2.939916029572486877e-02
5.162028968334197998e-02
-1.995520889759063721e-01
-3.554537147283554077e-02
-3.112419508397579193e-02
-2.321224659681320190e-03
-7.354944944381713867e-02
1.858080178499221802e-01
-1.280998438596725464e-01
6.495413184165954590e-02
-4.923530668020248413e-02
5.265475809574127197e-02
2.004588395357131958e-02
-2.520805224776268005e-03
-8.135240525007247925e-02
-9.712474048137664795e-02
1.198767200112342834e-01
-1.815327405929565430e-01
1.281714141368865967e-01
2.068034261465072632e-01
8.048792183399200439e-02
3.588166832923889160e-02
1.271380633115768433e-01
8.080241829156875610e-02
8.743695914745330811e-03
-3.572370111942291260e-02
-2.488130182027816772e-01
4.147909954190254211e-02
9.596688300371170044e-02
-7.969198375940322876e-02
7.123831659555435181e-02
-1.020922604948282242e-02
