-1.164665222167968750e-01
-1.194961462169885635e-02
1.919125020503997803e-02
-6.345470249652862549e-02
-7.379202544689178467e-02
-8.588771522045135498e-02
-4.007934406399726868e-02
-1.481299847364425659e-01
1.628715246915817261e-01
-1.309122741222381592e-01
1.292696297168731689e-01
-5.252605676651000977e-02
-1.991991847753524780e-01
-7.745897769927978516e-02
-5.125664919614791870e-02
2.098811864852905273e-01
-1.852960586547851562e-01
-1.760692447423934937e-01
-4.391077160835266113e-02
3.785216808319091797e-02
6.429338455200195312e-02
-5.668729543685913086e-02
5.978834256529808044e-02
1.481012850999832153e-01
-1.482519209384918213e-01
-3.676454126834869385e-01
-5.584040656685829163e-02
-1.175166219472885132e-01
-2.815475314855575562e-02
-8.742043748497962952e-03
-5.886651575565338135e-02
1.356354355812072754e-01
-2.733781039714813232e-01
-6.224653497338294983e-02
-4.498045891523361206e-03
1.279031783342361450e-01
-1.209853217005729675e-02
-5.157307535409927368e-02
2.047063112258911133e-01
8.186471462249755859e-02
-3.186741173267364502e-01
-6.845600903034210205e-02
-3.060394339263439178e-02
2.368624806404113770e-01
1.666087657213211060e-01
3.104836121201515198e-02
2.919850870966911316e-02
-4.002002254128456116e-02
4.833132773637771606e-02
-3.097843527793884277e-01
3.061516210436820984e-03
1.355589926242828369e-01
3.889133036136627197e-02
1.698459684848785400e-02
-9.599771350622177124e-03
-1.185180321335792542e-01
7.334383577108383179e-02
2.193607017397880554e-02
-1.833237707614898682e-01
-1.066366024315357208e-02
5.213309824466705322e-02
-1.488308310508728027e-01
-5.593674257397651672e-03
-1.221508085727691650e-01
2.660868465900421143e-01
7.862014323472976685e-02
-1.212330311536788940e-01
-1.666503027081489563e-02
1.223593875765800476e-01
-1.726469546556472778e-01
-3.213039785623550415e-02
3.085540607571601868e-02
-9.994138032197952271e-02
-2.078909873962402344e-01
-3.545103669166564941e-01
-4.105920717120170593e-02
4.166485965251922607e-01
1.995217800140380859e-01
-1.675176024436950684e-01
6.676604598760604858e-02
-9.175878018140792847e-02
-1.675887964665889740e-02
8.413875848054885864e-02
1.860492378473281860e-01
1.877252385020256042e-02
1.538068950176239014e-01
-4.685479216277599335e-03
2.398114278912544250e-02
1.769534498453140259e-01
-3.702493384480476379e-02
-1.018762961030006409e-02
2.417622655630111694e-01
-3.831647336483001709e-02
5.157689377665519714e-02
2.149278298020362854e-02
-2.312585711479187012e-02
-1.944869011640548706e-02
-2.757665328681468964e-02
-1.019566655158996582e-01
2.040232159197330475e-02
2.231048885732889175e-03
-4.908300936222076416e-03
3.253446519374847412e-02
7.258979976177215576e-02
-1.874070316553115845e-01
9.472183883190155029e-02
-2.039366587996482849e-02
-5.670883506536483765e-02
3.113579750061035156e-02
2.596628852188587189e-02
-1.276720464229583740e-01
-1.290121525526046753e-01
1.006460934877395630e-01
-2.197731435298919678e-01
1.570940315723419189e-01
2.485529333353042603e-01
1.655903644859790802e-02
1.360249817371368408e-01
7.260709255933761597e-02
6.524672359228134155e-02
-5.107701569795608521e-02
-2.388056367635726929e-03
-1.678491830825805664e-01
-4.425266757607460022e-02
1.813302934169769287e-01
-5.262372642755508423e-02
1.169318854808807373e-01
-1.723881810903549194e-02
