-8.894075453281402588e-02
3.054609149694442749e-02
1.210049837827682495e-01
-1.378513127565383911e-01
-1.397385150194168091e-01
-2.422674000263214111e-02
5.803875252604484558e-02
-9.028857946395874023e-02
2.140673995018005371e-01
-6.167044863104820251e-02
6.383549422025680542e-02
-1.408317238092422485e-01
-3.578307628631591797e-01
4.103634133934974670e-02
-4.949937388300895691e-02
1.687897145748138428e-01
-1.705035418272018433e-01
-1.789364963769912720e-01
-3.648294135928153992e-02
-6.669044494628906250e-02
-2.831533178687095642e-02
5.835236981511116028e-02
-3.603406995534896851e-02
1.472076773643493652e-01
-1.195018142461776733e-01
-3.414574265480041504e-01
-9.569293260574340820e-02
-9.658481925725936890e-02
-7.924523204565048218e-02
-2.000032924115657806e-02
6.418879330158233643e-02
1.988136172294616699e-01
-1.416933387517929077e-01
-1.848923414945602417e-02
6.201536580920219421e-02
1.441227793693542480e-01
-3.802242502570152283e-02
-1.505695581436157227e-01
1.596069931983947754e-01
5.169489607214927673e-02
-2.307170033454895020e-01
1.029162108898162842e-02
8.023504912853240967e-02
2.414657771587371826e-01
1.439526230096817017e-01
-1.931578293442726135e-02
4.628357663750648499e-02
-1.233698949217796326e-01
2.385068088769912720e-01
-3.428140282630920410e-01
-6.677027791738510132e-02
1.559740602970123291e-01
5.119818449020385742e-02
3.915791586041450500e-02
1.783034056425094604e-01
-1.552378982305526733e-01
6.698993593454360962e-02
1.398837268352508545e-01
-1.989038586616516113e-01
8.971466869115829468e-02
5.477571859955787659e-02
-1.478300243616104126e-01
4.558262974023818970e-02
-1.475099027156829834e-01
2.184574156999588013e-01
2.764233201742172241e-02
-1.438101828098297119e-01
-3.905639424920082092e-02
2.582314908504486084e-01
-1.501090973615646362e-01
-6.680016964673995972e-02
1.590829789638519287e-01
-6.105506792664527893e-02
-1.703903526067733765e-01
-2.235752642154693604e-01
9.126296639442443848e-02
4.454277157783508301e-01
1.844322830438613892e-01
-1.733769625425338745e-01
4.293539375066757202e-02
-3.817882388830184937e-02
1.707175746560096741e-02
7.224735803902149200e-03
2.097028791904449463e-01
-6.669977307319641113e-02
1.241550967097282410e-02
-1.006326451897621155e-01
-2.588788419961929321e-02
2.513873577117919922e-01
5.483773536980152130e-03
5.562796071171760559e-02
3.056094050407409668e-01
4.320311173796653748e-02
9.757953882217407227e-02
3.868132084608078003e-02
-1.453842967748641968e-03
-1.494007259607315063e-01
-5.720209330320358276e-02
-1.800317764282226562e-01
-7.233276963233947754e-03
2.802628651261329651e-02
-5.668283998966217041e-02
-1.766835525631904602e-02
7.327535003423690796e-02
-1.471012532711029053e-01
1.327349692583084106e-01
-6.598523259162902832e-02
-1.219997331500053406e-01
-1.113784387707710266e-01
-5.861917138099670410e-02
9.862259030342102051e-04
8.240962028503417969e-02
1.756550520658493042e-01
-3.203514814376831055e-01
1.066859140992164612e-01
9.024870395660400391e-02
8.439645171165466309e-06
1.334039270877838135e-01
-8.815634064376354218e-03
4.332347959280014038e-02
-3.358686342835426331e-02
-1.382208764553070068e-01
-8.881229162216186523e-02
-1.192817091941833496e-01
1.642477512359619141e-01
-7.160087674856185913e-02
-2.163775265216827393e-03
-2.813828177750110626e-02
