-1.125046759843826294e-01
3.033224120736122131e-02
1.625673472881317139e-02
-6.528615206480026245e-02
-8.476954698562622070e-02
1.589562371373176575e-02
3.756431490182876587e-02
-7.998943328857421875e-02
2.173402458429336548e-01
-1.067203432321548462e-01
2.484951615333557129e-01
-8.339881896972656250e-04
-3.060196042060852051e-01
-1.541963368654251099e-01
-8.656781166791915894e-03
1.281082481145858765e-01
-1.524957120418548584e-01
-1.807526797056198120e-01
-1.975946687161922455e-02
-5.727508291602134705e-02
1.005560532212257385e-01
-1.493084244430065155e-02
-1.142869517207145691e-02
-8.557438850402832031e-03
-1.202317029237747192e-01
-3.854182362556457520e-01
-8.529160916805267334e-02
-6.582441180944442749e-02
8.764274418354034424e-03
-8.314826339483261108e-02
2.128272131085395813e-02
9.229762107133865356e-02
-1.509255468845367432e-01
-6.558224558830261230e-02
6.754886358976364136e-03
1.899443268775939941e-01
-1.840658858418464661e-02
-3.155125677585601807e-02
1.559051275253295898e-01
-4.335809499025344849e-02
-1.315027475357055664e-01
-4.186339676380157471e-02
7.745562493801116943e-02
2.861446440219879150e-01
9.967830777168273926e-02
1.892277225852012634e-02
7.799212634563446045e-02
-8.596440404653549194e-02
5.337089300155639648e-02
-2.375003844499588013e-01
1.472501903772354126e-01
9.718476235866546631e-02
1.660350561141967773e-01
5.636634677648544312e-02
8.735422044992446899e-02
-2.152216136455535889e-01
-2.220131456851959229e-02
1.158301830291748047e-01
-1.412685215473175049e-01
5.812055617570877075e-02
9.408020973205566406e-02
-2.696593664586544037e-02
-6.343583017587661743e-02
-4.144464060664176941e-02
2.764488160610198975e-01
7.653250545263290405e-02
-1.612079590559005737e-01
-1.050643101334571838e-01
1.701591461896896362e-01
-1.062951087951660156e-01
-4.659327492117881775e-02
1.516842655837535858e-02
-1.266227215528488159e-01
-1.207816153764724731e-01
-2.711968123912811279e-01
6.861597299575805664e-02
4.757403135299682617e-01
3.158263489603996277e-02
-2.155584543943405151e-01
-1.073377765715122223e-02
-1.333764642477035522e-01
-1.274076290428638458e-02
5.718335509300231934e-02
5.443096905946731567e-02
-6.136789172887802124e-02
6.252922117710113525e-03
-1.987817883491516113e-01
3.248640522360801697e-02
1.690098792314529419e-01
-1.209741737693548203e-02
-2.229740843176841736e-02
1.647957563400268555e-01
7.522640377283096313e-02
2.860325947403907776e-02
7.044664025306701660e-02
6.864921003580093384e-02
-8.900316059589385986e-02
1.163686439394950867e-02
-1.501170843839645386e-01
-3.777760639786720276e-02
2.282800897955894470e-02
-1.443361192941665649e-01
-5.085606127977371216e-02
9.719203412532806396e-02
-1.550263464450836182e-01
1.740048527717590332e-01
5.293314903974533081e-02
-4.972569644451141357e-03
3.024426102638244629e-02
5.485916510224342346e-03
-1.113609224557876587e-01
-7.894448935985565186e-02
1.339449882507324219e-01
-2.857220768928527832e-01
1.085849851369857788e-01
1.452291011810302734e-01
6.403674185276031494e-02
2.178995460271835327e-01
4.883765056729316711e-02
1.498432606458663940e-01
-4.087118431925773621e-04
-4.933852702379226685e-02
-1.854524910449981689e-01
-3.101035952568054199e-02
-2.119021490216255188e-02
9.884782135486602783e-03
1.569136604666709900e-02
8.716330677270889282e-02
