-4.142031818628311157e-02
1.741732284426689148e-02
8.854719996452331543e-02
-1.202394962310791016e-01
-2.049688100814819336e-01
1.077976822853088379e-02
1.221276819705963135e-02
-8.134227991104125977e-02
2.092695534229278564e-01
-1.052077785134315491e-01
1.771710366010665894e-01
-6.575236096978187561e-03
-2.121129930019378662e-01
-6.522122025489807129e-02
1.982387155294418335e-03
1.641580164432525635e-01
-1.105923280119895935e-01
-2.581063807010650635e-01
-1.296612024307250977e-01
-2.964906580746173859e-02
-7.061817497014999390e-02
6.414632499217987061e-02
4.971576482057571411e-02
5.374487489461898804e-02
-2.359362691640853882e-01
-3.512759506702423096e-01
-7.510558515787124634e-02
-4.479967802762985229e-02
5.490407347679138184e-03
-7.764202356338500977e-02
-2.550014294683933258e-03
2.381920069456100464e-01
-1.338514238595962524e-01
-5.749605596065521240e-03
3.287957236170768738e-02
1.068242937326431274e-01
-1.092622578144073486e-01
-9.316853433847427368e-02
2.070777416229248047e-01
4.259104654192924500e-02
-3.363173902034759521e-01
-5.514100193977355957e-02
7.615448534488677979e-02
2.869584262371063232e-01
2.571355998516082764e-01
6.240932270884513855e-04
4.795194417238235474e-02
-4.594716057181358337e-02
1.030329987406730652e-01
-2.871548235416412354e-01
1.095801517367362976e-01
1.795113086700439453e-01
1.175155937671661377e-01
5.064152926206588745e-02
7.982064783573150635e-02
-4.454746469855308533e-02
6.821095943450927734e-03
1.482261121273040771e-01
-2.454306483268737793e-01
-9.952084161341190338e-03
5.204259604215621948e-02
-1.630685925483703613e-01
-2.850887924432754517e-02
-1.422454118728637695e-01
1.985849440097808838e-01
1.187891736626625061e-01
-9.097901731729507446e-02
-1.452691406011581421e-01
2.332793772220611572e-01
-2.116810083389282227e-01
-1.640436798334121704e-01
8.935301750898361206e-02
-1.099434196949005127e-01
-1.586447060108184814e-01
-3.156975805759429932e-01
-4.260259866714477539e-02
3.311816453933715820e-01
1.608839631080627441e-01
-1.360603719949722290e-01
8.764707297086715698e-02
-2.158503606915473938e-02
-6.256869435310363770e-02
-4.033324122428894043e-02
1.568598747253417969e-01
-4.230481013655662537e-02
-1.812940463423728943e-02
-8.049722015857696533e-02
-1.447169482707977295e-02
2.440702319145202637e-01
-8.129850029945373535e-02
1.378459110856056213e-02
2.517887949943542480e-01
8.318124711513519287e-02
-5.848700925707817078e-02
3.309460729360580444e-02
4.076391085982322693e-02
-6.669158488512039185e-02
4.947002604603767395e-02
-1.207107454538345337e-01
-7.421970367431640625e-04
4.795310087502002716e-03
1.162375137209892273e-02
1.867324858903884888e-02
7.985268533229827881e-02
-1.495272666215896606e-01
2.534624934196472168e-01
1.539805904030799866e-03
-6.203163415193557739e-03
3.688669577240943909e-02
-7.353688776493072510e-02
-2.458597347140312195e-02
-1.528382003307342529e-01
1.382439583539962769e-01
-2.798051834106445312e-01
7.145865261554718018e-02
1.262932270765304565e-01
3.045943565666675568e-02
1.507958471775054932e-01
5.172870680689811707e-02
1.061055287718772888e-01
1.148090604692697525e-02
-5.828700959682464600e-02
-1.588518917560577393e-01
-6.373970210552215576e-02
1.222529262304306030e-01
-8.804150670766830444e-02
2.205368131399154663e-02
1.320267021656036377e-01
