-1.036156341433525085e-01
8.617254346609115601e-02
7.524982094764709473e-02
-7.422986626625061035e-02
-6.732024252414703369e-02
-6.645268946886062622e-02
-1.883272267878055573e-02
-6.412342190742492676e-02
2.521421611309051514e-01
-1.572046577930450439e-01
2.243770807981491089e-01
-6.524875015020370483e-02
-2.351670116186141968e-01
1.160411536693572998e-02
-5.735038593411445618e-02
2.165087312459945679e-01
-2.292544692754745483e-01
-1.106514930725097656e-01
-1.753469556570053101e-02
-2.972386777400970459e-03
6.950922310352325439e-02
-6.103690713644027710e-03
6.796701252460479736e-02
9.973087906837463379e-02
-1.456790864467620850e-01
-4.057842195034027100e-01
-1.091888546943664551e-01
-9.618530422449111938e-02
8.665863424539566040e-03
-6.045265868306159973e-02
8.235658518970012665e-03
1.239494606852531433e-01
-1.819313168525695801e-01
-3.532183170318603516e-02
4.618294537067413330e-03
9.112987667322158813e-02
-2.575313113629817963e-02
-6.455853581428527832e-02
2.182882875204086304e-01
3.553379327058792114e-03
-2.643153667449951172e-01
-5.850745737552642822e-02
1.242062300443649292e-01
2.480600774288177490e-01
1.876358091831207275e-01
6.959313154220581055e-02
4.208130389451980591e-02
-1.253077983856201172e-01
6.024126708507537842e-02
-2.273161709308624268e-01
3.334031999111175537e-02
1.325243562459945679e-01
8.876024186611175537e-02
4.096691310405731201e-02
8.672300726175308228e-02
-1.528238207101821899e-01
6.102952361106872559e-02
3.978365659713745117e-02
-2.090776860713958740e-01
-2.353281155228614807e-02
1.034357398748397827e-01
-9.536027908325195312e-03
2.143587544560432434e-02
-2.802455052733421326e-02
2.631839811801910400e-01
9.415735304355621338e-02
-9.919866174459457397e-02
-8.728174120187759399e-02
2.445797771215438843e-01
-2.036546766757965088e-01
-3.106642700731754303e-02
5.852115526795387268e-02
-1.359950155019760132e-01
-1.953005492687225342e-01
-3.154968917369842529e-01
-7.648942619562149048e-02
4.087457656860351562e-01
1.464207023382186890e-01
-4.546002298593521118e-02
1.072161272168159485e-01
-5.422949045896530151e-02
-6.456610560417175293e-02
3.709527850151062012e-02
1.583805233240127563e-01
-9.308411180973052979e-02
1.643065735697746277e-02
-2.920057252049446106e-02
8.126425743103027344e-02
1.905666589736938477e-01
-1.012350805103778839e-02
-3.533381968736648560e-03
1.696468293666839600e-01
1.071824505925178528e-02
-1.355450786650180817e-02
1.019606553018093109e-02
-1.324521750211715698e-02
-1.006653085350990295e-01
2.033251896500587463e-02
-1.815468519926071167e-01
8.060477674007415771e-03
-5.687261745333671570e-02
-1.460491679608821869e-02
-8.114166557788848877e-03
1.324341595172882080e-01
-2.340565770864486694e-01
8.357526361942291260e-02
1.813028007745742798e-03
-1.047971472144126892e-01
-3.129915334284305573e-03
1.083359718322753906e-01
-1.329800933599472046e-01
-8.883165568113327026e-02
1.220599934458732605e-01
-2.323213666677474976e-01
1.344016939401626587e-01
1.754827350378036499e-01
1.753075607120990753e-02
1.280052959918975830e-01
6.547442823648452759e-02
1.290380656719207764e-01
1.235139742493629456e-02
-3.007189184427261353e-02
-1.940458714962005615e-01
-2.776919677853584290e-02
7.190832495689392090e-02
-7.847102731466293335e-02
1.070297881960868835e-01
1.999014243483543396e-02
