-2.281958423554897308e-02
3.911809623241424561e-02
1.015098541975021362e-01
-8.007141947746276855e-02
-1.515415012836456299e-01
9.013190120458602905e-02
-5.175443366169929504e-02
-2.102700993418693542e-02
1.388849318027496338e-01
-1.854890584945678711e-01
2.184225916862487793e-01
5.030844360589981079e-03
-2.594868242740631104e-01
8.091209828853607178e-02
1.535752415657043457e-02
2.326095551252365112e-01
-1.539237499237060547e-01
-1.376756578683853149e-01
-1.285014599561691284e-01
-9.454236179590225220e-02
2.002051472663879395e-02
1.072210073471069336e-01
1.947496086359024048e-03
2.259474247694015503e-02
-1.702488958835601807e-01
-4.213730394840240479e-01
-6.946259737014770508e-02
-2.050796896219253540e-02
2.297588251531124115e-02
-8.550991117954254150e-02
-3.088422119617462158e-02
5.746970698237419128e-02
-1.713718324899673462e-01
5.622134730219841003e-02
6.706581264734268188e-02
9.444736689329147339e-02
-9.665963053703308105e-02
-1.420034170150756836e-01
1.717444509267807007e-01
6.898061186075210571e-02
-2.676847279071807861e-01
-2.074487507343292236e-03
1.291700154542922974e-01
2.389366328716278076e-01
2.014823555946350098e-01
-1.815587282180786133e-03
6.037672609090805054e-02
-3.537055477499961853e-02
6.930321455001831055e-02
-4.072211086750030518e-01
1.092265471816062927e-01
1.490318775177001953e-01
-3.564599901437759399e-03
1.868123859167098999e-01
6.533081829547882080e-02
-1.703726202249526978e-01
3.016546368598937988e-03
1.624716222286224365e-01
-1.647382527589797974e-01
4.288525134325027466e-02
7.339350879192352295e-02
-5.251104012131690979e-03
1.024307124316692352e-02
-4.549927078187465668e-03
2.592289745807647705e-01
1.413687467575073242e-01
-1.869275271892547607e-01
-1.679973900318145752e-01
1.200256645679473877e-01
-1.578566133975982666e-01
-2.602218650281429291e-02
8.653989434242248535e-02
-1.595733761787414551e-01
-2.153230011463165283e-01
-2.366276979446411133e-01
8.109975606203079224e-02
3.897942900657653809e-01
1.366161555051803589e-01
-1.181385368108749390e-01
-1.542159542441368103e-02
-9.567092359066009521e-02
-1.902488805353641510e-02
5.334483087062835693e-02
7.943820953369140625e-02
5.291788652539253235e-02
-6.186127662658691406e-02
-5.082565546035766602e-02
1.206213086843490601e-01
2.786150574684143066e-01
-6.547430902719497681e-02
2.165542915463447571e-03
3.420791625976562500e-01
2.764074131846427917e-02
-4.391834139823913574e-02
-4.891358315944671631e-03
2.305408567190170288e-01
-1.280029714107513428e-01
-3.259043768048286438e-02
-1.495977491140365601e-01
-2.944266796112060547e-02
3.530006110668182373e-02
-6.949180737137794495e-03
-2.356711588799953461e-02
1.511861383914947510e-01
-2.268240302801132202e-01
2.470856308937072754e-01
-6.341601908206939697e-02
-2.861909009516239166e-02
4.978862032294273376e-02
-1.420312561094760895e-02
-1.156859397888183594e-01
-6.681397557258605957e-02
1.416640579700469971e-01
-2.642311453819274902e-01
1.598515212535858154e-01
2.327475100755691528e-01
3.849750384688377380e-02
1.297990828752517700e-01
5.841678380966186523e-02
3.762155771255493164e-02
5.356691032648086548e-02
-1.204375922679901123e-01
-1.994361728429794312e-01
-6.638917326927185059e-02
1.865810155868530273e-02
-1.676187291741371155e-02
-9.751837700605392456e-02
2.785469591617584229e-02
