-1.072058603167533875e-01
7.364430278539657593e-02
3.350351005792617798e-03
-5.692318081855773926e-02
-1.719564199447631836e-01
1.545164138078689575e-01
-3.544943034648895264e-02
-8.212430775165557861e-02
1.566477119922637939e-01
-5.318862944841384888e-02
2.310553342103958130e-01
-1.664111576974391937e-02
-2.507941126823425293e-01
-5.368165299296379089e-02
2.973336726427078247e-03
1.182767897844314575e-01
-2.037298232316970825e-01
-9.835247695446014404e-02
-8.479931950569152832e-02
-1.371064931154251099e-01
-6.667891144752502441e-02
2.805376425385475159e-02
-2.576618455350399017e-02
5.862098932266235352e-02
-2.029855251312255859e-01
-2.889759242534637451e-01
-3.868547081947326660e-02
-1.859037727117538452e-01
-1.468777656555175781e-03
-1.635294258594512939e-01
2.787502482533454895e-03
4.859903827309608459e-02
-1.028800085186958313e-01
-1.724600978195667267e-02
2.379427850246429443e-02
1.075188070535659790e-01
-1.325166076421737671e-01
-4.872190207242965698e-02
1.925173699855804443e-01
4.469888657331466675e-02
-9.133660048246383667e-02
3.296900168061256409e-02
5.250379443168640137e-02
3.401083350181579590e-01
1.610326021909713745e-01
-2.135688439011573792e-02
1.936932466924190521e-02
-1.070649623870849609e-01
1.620760709047317505e-01
-2.573439478874206543e-01
7.766586542129516602e-02
1.889964491128921509e-01
1.330586820840835571e-01
1.035953015089035034e-01
6.816989928483963013e-02
-9.959333389997482300e-02
2.816825360059738159e-02
1.456597745418548584e-01
-2.194082885980606079e-01
1.065625026822090149e-01
8.562967926263809204e-02
-7.656741142272949219e-02
-6.541279703378677368e-02
-9.415610134601593018e-02
2.048946171998977661e-01
1.540287137031555176e-01
-1.114084497094154358e-01
-1.798654347658157349e-01
1.021060198545455933e-01
-1.295254677534103394e-01
-1.789972335100173950e-01
7.841956615447998047e-02
-1.541172713041305542e-01
-2.093350440263748169e-01
-3.523909747600555420e-01
6.583949178457260132e-02
4.105289876461029053e-01
1.902212351560592651e-01
-2.078932225704193115e-01
-6.452892720699310303e-02
-6.376960128545761108e-02
-8.313851803541183472e-02
5.292950198054313660e-02
1.353938877582550049e-01
-6.243385002017021179e-02
-1.038353443145751953e-01
-4.131230339407920837e-02
6.394806504249572754e-02
1.674949377775192261e-01
-4.084668308496475220e-02
-3.595669195055961609e-02
1.571903228759765625e-01
8.839996159076690674e-02
-1.800007931888103485e-02
3.406761214137077332e-03
4.479484260082244873e-02
-1.325901001691818237e-01
-2.477948367595672607e-02
-1.366804987192153931e-01
-6.777992844581604004e-02
-3.026191703975200653e-02
-4.173795878887176514e-02
3.951363265514373779e-02
9.476777911186218262e-02
-2.075707316398620605e-01
2.625423371791839600e-01
3.641660511493682861e-02
-1.147117391228675842e-01
-2.871956862509250641e-02
-5.924896150827407837e-02
-7.660631090402603149e-02
3.490330651402473450e-02
2.428010255098342896e-01
-3.234092295169830322e-01
1.571286767721176147e-01
1.950139105319976807e-01
1.388074159622192383e-01
1.438501179218292236e-01
4.372686147689819336e-02
3.128438815474510193e-02
-6.218606978654861450e-02
1.098018884658813477e-02
-1.682874858379364014e-01
-5.434128269553184509e-02
-5.962606519460678101e-04
-3.130996599793434143e-02
-5.070302635431289673e-03
1.952125504612922668e-02
