-8.618324995040893555e-02
6.646617501974105835e-02
1.931004598736763000e-02
-1.055837050080299377e-02
-4.375033080577850342e-02
2.110401540994644165e-02
-8.002039045095443726e-02
-3.527878969907760620e-02
1.417025178670883179e-01
-2.374672517180442810e-02
1.802717894315719604e-01
-4.462536424398422241e-02
-1.709836125373840332e-01
-9.325096011161804199e-02
-8.199448138475418091e-02
1.245057210326194763e-01
-1.587033718824386597e-01
-6.598953902721405029e-02
-8.272796869277954102e-02
-9.560982882976531982e-02
-2.971846610307693481e-03
2.440985292196273804e-02
1.031145080924034119e-02
4.917895048856735229e-02
-1.544003188610076904e-01
-3.286156058311462402e-01
-2.480287104845046997e-03
-1.352314352989196777e-01
-4.745814204216003418e-02
-1.103919893503189087e-01
-3.512769937515258789e-03
3.419329598546028137e-02
-1.867702901363372803e-01
-4.112578555941581726e-02
5.178139358758926392e-02
7.980732619762420654e-02
4.970410838723182678e-02
1.032380014657974243e-02
8.286437392234802246e-02
2.187145873904228210e-03
-5.213297903537750244e-02
2.011366561055183411e-02
5.176199227571487427e-02
2.578278481960296631e-01
1.244148090481758118e-01
1.201288625597953796e-01
-1.043236162513494492e-02
-1.019136905670166016e-01
1.394794881343841553e-01
-2.650410532951354980e-01
9.677101671695709229e-02
1.043543815612792969e-01
2.974518761038780212e-02
2.448584511876106262e-02
6.800253689289093018e-02
-1.162052005529403687e-01
-1.918100565671920776e-02
1.132524907588958740e-01
-1.808965355157852173e-01
7.067355513572692871e-02
2.815624326467514038e-02
1.025360673666000366e-01
-3.631651774048805237e-02
-7.037082314491271973e-02
2.071360349655151367e-01
1.248634159564971924e-01
-1.492006182670593262e-01
-7.764483988285064697e-02
6.386171281337738037e-02
-1.580684185028076172e-01
1.313789933919906616e-02
-3.423200920224189758e-02
-4.334603622555732727e-02
-2.045286595821380615e-01
-2.840112745761871338e-01
1.155372709035873413e-01
4.120199978351593018e-01
1.641174405813217163e-01
-1.711277514696121216e-01
-4.573394358158111572e-02
-1.050316989421844482e-01
-4.026097804307937622e-02
5.070253089070320129e-02
-2.015884593129158020e-02
-1.168871894478797913e-01
-3.452437371015548706e-02
-3.287634998559951782e-02
3.322846442461013794e-02
1.909938752651214600e-01
3.135829418897628784e-02
2.624969929456710815e-03
2.077392935752868652e-01
-2.479540184140205383e-02
-1.796119846403598785e-02
-4.084789007902145386e-02
3.204159438610076904e-03
-1.408046036958694458e-01
4.828895255923271179e-02
-1.246992200613021851e-01
2.181800641119480133e-02
-2.544173225760459900e-02
-3.667476028203964233e-02
4.047743231058120728e-02
8.693942427635192871e-02
-1.874469220638275146e-01
7.051576673984527588e-02
-6.700117141008377075e-03
-8.907115459442138672e-02
3.366625681519508362e-02
1.059706136584281921e-01
-1.959414482116699219e-01
-1.259841322898864746e-01
1.483670324087142944e-01
-2.356528043746948242e-01
1.503957957029342651e-01
1.628660261631011963e-01
1.555843055248260498e-01
1.744815409183502197e-01
8.405470848083496094e-02
8.243901282548904419e-02
5.415962636470794678e-02
3.844559565186500549e-02
-6.642223894596099854e-02
-5.073421820998191833e-02
5.288358777761459351e-02
-3.000425174832344055e-02
-1.781296916306018829e-02
7.634321227669715881e-03
