-1.277935504913330078e-01
6.552750617265701294e-02
-8.541867136955261230e-03
-2.974644303321838379e-02
-1.287895292043685913e-01
-3.601672872900962830e-02
-2.076964452862739563e-02
-5.604613944888114929e-02
1.764355003833770752e-01
-9.078955650329589844e-02
1.359922885894775391e-01
-4.780707508325576782e-02
-2.544242143630981445e-01
2.035929262638092041e-02
-9.670326858758926392e-02
9.594202041625976562e-02
-1.572799235582351685e-01
-1.804108172655105591e-01
-3.523281775414943695e-03
-9.901398420333862305e-02
7.126306742429733276e-02
4.598134756088256836e-02
1.915993914008140564e-02
1.162080988287925720e-01
-1.310439109802246094e-01
-2.921452820301055908e-01
-6.882978975772857666e-02
-1.099421828985214233e-01
-2.010576613247394562e-02
-9.519274532794952393e-02
1.629075855016708374e-01
7.639035582542419434e-02
-1.557469964027404785e-01
3.633422777056694031e-02
3.365743905305862427e-02
6.664069741964340210e-02
2.008458785712718964e-02
-3.094118088483810425e-02
3.098931610584259033e-01
-2.569108456373214722e-02
-1.641406714916229248e-01
-1.808209903538227081e-02
6.427709013223648071e-03
3.330268263816833496e-01
8.619803935289382935e-03
7.678737863898277283e-03
-2.343606576323509216e-02
-1.086758896708488464e-01
1.218531727790832520e-01
-1.787743568420410156e-01
1.217636913061141968e-01
2.182389199733734131e-01
7.861749827861785889e-02
-3.027193248271942139e-03
1.224255189299583435e-02
-1.200728565454483032e-01
8.099560439586639404e-02
1.869159340858459473e-01
-2.796932160854339600e-01
8.321262896060943604e-02
5.561587214469909668e-02
-6.335520744323730469e-02
-9.112164378166198730e-03
-2.683452144265174866e-02
2.291520833969116211e-01
7.432731986045837402e-02
-1.165119260549545288e-01
-1.425332278013229370e-01
1.829263567924499512e-01
-1.358750611543655396e-01
-3.992246091365814209e-02
1.156243756413459778e-01
-1.044940948486328125e-01
-1.871033906936645508e-01
-2.384476661682128906e-01
6.450562179088592529e-02
4.904507100582122803e-01
8.496691286563873291e-02
-1.363606750965118408e-01
4.884281009435653687e-02
-8.472591638565063477e-02
-6.864977627992630005e-02
4.741373658180236816e-02
7.229427993297576904e-02
-1.603479087352752686e-01
-6.438900530338287354e-02
-1.126130819320678711e-01
8.852610737085342407e-02
1.728218644857406616e-01
5.618427693843841553e-02
-1.231788843870162964e-01
1.865338832139968872e-01
6.716044247150421143e-02
-2.060992829501628876e-02
5.241885781288146973e-02
3.425126522779464722e-02
-9.068433195352554321e-02
-3.423471003770828247e-03
-1.101924926042556763e-01
-7.133781909942626953e-03
3.775167837738990784e-02
-7.490075379610061646e-02
-3.135890513658523560e-02
1.124347597360610962e-01
-1.930428445339202881e-01
1.315203160047531128e-01
1.759992539882659912e-02
-1.007843688130378723e-01
-4.143036529421806335e-02
1.027070954442024231e-01
-1.824174523353576660e-01
-7.291786372661590576e-02
1.736973226070404053e-01
-2.977785468101501465e-01
1.839894354343414307e-01
7.806558907032012939e-02
1.120572462677955627e-01
1.939849555492401123e-01
4.436212033033370972e-02
7.612529397010803223e-02
8.956388570368289948e-03
-7.809407263994216919e-02
-1.566525399684906006e-01
-6.039854884147644043e-02
1.147392690181732178e-01
1.653748005628585815e-02
1.189678907394409180e-01
5.691654980182647705e-02
