-9.800957888364791870e-02
6.924027204513549805e-02
7.872130721807479858e-02
-1.628422439098358154e-01
-1.838134080171585083e-01
-1.515045017004013062e-02
-1.043432019650936127e-02
-2.628634497523307800e-02
1.807819902896881104e-01
-1.732966303825378418e-01
1.932460814714431763e-01
8.996248245239257812e-03
-2.277006357908248901e-01
5.296453461050987244e-02
-4.505786299705505371e-02
2.856170237064361572e-01
-2.048848122358322144e-01
-1.420168131589889526e-01
-1.634707897901535034e-01
-1.254023909568786621e-01
-1.700410991907119751e-02
5.582246556878089905e-02
-1.773398369550704956e-03
1.092803701758384705e-01
-8.369769155979156494e-02
-3.064561486244201660e-01
-5.419070646166801453e-02
-3.990734741091728210e-02
-2.542433887720108032e-02
-8.956122398376464844e-02
3.857257217168807983e-02
1.296011358499526978e-01
-1.399202644824981689e-01
4.896412044763565063e-02
-3.202188760042190552e-03
6.132941693067550659e-02
-1.749018132686614990e-01
-1.756612062454223633e-01
2.512331008911132812e-01
5.583981424570083618e-02
-2.506986558437347412e-01
-2.745207585394382477e-02
5.960246920585632324e-02
2.485370039939880371e-01
2.153815627098083496e-01
-2.510071173310279846e-02
3.897374123334884644e-02
-4.031692445278167725e-02
1.200106814503669739e-01
-3.654946088790893555e-01
3.720425814390182495e-02
1.776468902826309204e-01
-1.043739728629589081e-02
7.998862862586975098e-02
6.655931472778320312e-02
-1.146996021270751953e-01
7.242371141910552979e-02
1.370469331741333008e-01
-2.267556786537170410e-01
-3.211246803402900696e-02
6.964925676584243774e-02
-2.128745317459106445e-01
-7.911583781242370605e-02
-1.217907890677452087e-01
2.381234019994735718e-01
1.926074028015136719e-01
-1.313544660806655884e-01
-2.001541852951049805e-01
1.768954843282699585e-01
-1.969491094350814819e-01
-1.115593910217285156e-01
7.547851651906967163e-02
-1.072082072496414185e-01
-1.888735443353652954e-01
-2.743770182132720947e-01
2.088380791246891022e-02
2.584819197654724121e-01
2.155271470546722412e-01
-7.646931707859039307e-02
7.627829164266586304e-02
-1.538171432912349701e-02
-5.121640861034393311e-02
4.017367586493492126e-02
1.950725466012954712e-01
-2.610178850591182709e-02
-3.298057243227958679e-02
-7.605970650911331177e-02
4.080354049801826477e-02
1.698146462440490723e-01
-6.795579940080642700e-02
-2.371359989047050476e-02
3.221338093280792236e-01
4.538250714540481567e-02
-5.182298272848129272e-02
-2.805985696613788605e-02
3.269579634070396423e-02
-1.148239150643348694e-01
-9.652454406023025513e-03
-1.168836057186126709e-01
1.297809183597564697e-03
6.327046453952789307e-02
3.748590126633644104e-02
-3.675165027379989624e-02
6.351638585329055786e-02
-1.178566440939903259e-01
1.860726773738861084e-01
-1.229640245437622070e-01
-1.255721785128116608e-03
-6.754115223884582520e-02
-1.364611387252807617e-01
-1.179590150713920593e-01
-3.673744946718215942e-02
1.422475576400756836e-01
-1.817970424890518188e-01
1.303772181272506714e-01
1.662641763687133789e-01
2.518904581665992737e-02
1.187056377530097961e-01
1.581000685691833496e-01
3.571543097496032715e-02
1.112894155085086823e-02
-1.136551797389984131e-01
-2.456986457109451294e-01
-2.102064713835716248e-02
1.506779193878173828e-01
-4.768936336040496826e-02
4.171608015894889832e-02
4.729542881250381470e-02
