-1.062820404767990112e-01
4.916652292013168335e-02
1.737712696194648743e-02
-6.025659292936325073e-02
-1.630531102418899536e-01
1.311095803976058960e-01
-3.234000876545906067e-02
-5.641163140535354614e-02
1.821089684963226318e-01
-1.906953901052474976e-01
8.282878994941711426e-02
-1.662652939558029175e-02
-2.505532205104827881e-01
8.122296631336212158e-02
-1.076173037290573120e-02
1.292256116867065430e-01
-1.239755153656005859e-01
-2.277161926031112671e-01
-7.336214184761047363e-02
-4.106909036636352539e-02
-7.310377061367034912e-02
-2.136982791125774384e-02
2.917733043432235718e-02
5.333606526255607605e-02
-1.505209058523178101e-01
-3.794171214103698730e-01
-4.247108101844787598e-02
-7.295130938291549683e-02
-2.434615977108478546e-03
-4.668852314352989197e-02
-2.160789258778095245e-02
6.733883917331695557e-02
-2.033187150955200195e-01
2.596641890704631805e-02
-8.054636418819427490e-04
1.569297760725021362e-01
-1.149441525340080261e-01
-5.925673991441726685e-02
2.654525339603424072e-01
2.563679777085781097e-02
-2.467412799596786499e-01
-3.673082962632179260e-02
5.803532898426055908e-02
2.637469172477722168e-01
1.773740351200103760e-01
3.596786409616470337e-03
4.989238083362579346e-02
-6.695111840963363647e-02
1.435363292694091797e-01
-3.153922557830810547e-01
6.617843359708786011e-02
1.887169927358627319e-01
-4.695121198892593384e-03
9.868226945400238037e-02
8.667647093534469604e-02
-1.306849271059036255e-01
-1.788396388292312622e-03
1.334257125854492188e-01
-6.768477708101272583e-02
6.435434520244598389e-02
2.663562074303627014e-02
2.543693780899047852e-02
-3.072784096002578735e-02
-9.301678091287612915e-02
3.004282712936401367e-01
1.288320720195770264e-01
-9.635353833436965942e-02
-1.776769310235977173e-01
2.373976558446884155e-01
-1.312620341777801514e-01
-6.609492003917694092e-02
1.500544846057891846e-01
-1.337701082229614258e-01
-1.754982471466064453e-01
-1.854553669691085815e-01
3.958485275506973267e-02
4.111520946025848389e-01
1.269092112779617310e-01
-3.137030452489852905e-02
3.988311439752578735e-02
-7.068367302417755127e-02
-6.283897161483764648e-02
2.739441953599452972e-02
1.321568489074707031e-01
-3.290803357958793640e-02
-1.114144921302795410e-03
2.099540084600448608e-03
1.031189709901809692e-01
2.732087075710296631e-01
-2.896538004279136658e-03
-3.938034921884536743e-02
1.740095764398574829e-01
3.137397393584251404e-02
1.094614062458276749e-02
2.411404997110366821e-02
1.182791888713836670e-01
-8.211340010166168213e-02
1.389067433774471283e-02
-2.152812480926513672e-01
-4.521901160478591919e-02
1.032927632331848145e-01
-1.675588265061378479e-02
2.691445127129554749e-02
1.487222164869308472e-01
-1.851991117000579834e-01
1.408248841762542725e-01
-6.689991056919097900e-02
3.372561186552047729e-03
6.695820391178131104e-02
4.898935556411743164e-02
-1.054451465606689453e-01
-2.438503131270408630e-02
1.623595058917999268e-01
-3.080627322196960449e-01
1.561352461576461792e-01
1.463622450828552246e-01
-2.856567502021789551e-02
6.248607486486434937e-02
8.081756532192230225e-02
5.277891084551811218e-02
5.576972290873527527e-02
-1.785995438694953918e-02
-2.453957051038742065e-01
-7.586638629436492920e-02
5.128665640950202942e-02
2.225599624216556549e-02
-4.091214016079902649e-02
5.257295817136764526e-02
