-1.439975053071975708e-01
5.438570678234100342e-02
6.887558102607727051e-02
-4.669117927551269531e-02
-4.717189073562622070e-02
-3.384361416101455688e-02
-6.337386369705200195e-02
-1.144287735223770142e-02
1.582773774862289429e-01
-8.826106786727905273e-02
1.989021003246307373e-01
-6.524340063333511353e-02
-2.028106600046157837e-01
-1.462598443031311035e-01
-5.834800004959106445e-02
1.084982007741928101e-01
-6.089165061712265015e-02
-1.413564085960388184e-01
-8.130338788032531738e-02
-9.803205728530883789e-02
-1.027560234069824219e-02
2.049780264496803284e-02
3.244084864854812622e-02
-7.526703178882598877e-03
-1.622659862041473389e-01
-3.766475319862365723e-01
-8.933930099010467529e-02
-1.003724485635757446e-01
-5.209867283701896667e-02
-8.999243378639221191e-02
-1.947365328669548035e-02
7.503581047058105469e-02
-2.093678414821624756e-01
-6.044968590140342712e-02
2.977459132671356201e-02
1.059761345386505127e-01
3.189948573708534241e-02
7.892890274524688721e-02
1.300208419561386108e-01
-1.823647692799568176e-02
-1.477683484554290771e-01
-7.966881245374679565e-02
9.580086171627044678e-02
2.569282948970794678e-01
1.423509120941162109e-01
1.069906204938888550e-01
-7.029428333044052124e-02
4.886054247617721558e-02
6.168071553111076355e-02
-2.617367208003997803e-01
1.084913462400436401e-01
1.318922340869903564e-01
1.083806231617927551e-01
-2.058580517768859863e-03
1.968965828418731689e-01
-4.563422873616218567e-02
-1.465467363595962524e-02
1.234532594680786133e-01
-1.481676548719406128e-01
1.117018237709999084e-02
-2.010024711489677429e-02
-5.507461726665496826e-03
-8.887192606925964355e-02
-6.716073304414749146e-02
2.577460110187530518e-01
1.526513397693634033e-01
-1.328627467155456543e-01
-4.476504772901535034e-02
1.860842704772949219e-01
-1.376706063747406006e-01
3.505234420299530029e-02
4.377922415733337402e-02
-5.002467706799507141e-02
-1.270313113927841187e-01
-2.860806286334991455e-01
7.336112856864929199e-02
4.091778099536895752e-01
1.202107518911361694e-01
-1.420269012451171875e-01
3.118693083524703979e-02
-1.795748621225357056e-02
-4.918245226144790649e-02
6.777534261345863342e-03
-2.863400429487228394e-02
-1.932666301727294922e-01
8.410676568746566772e-02
-4.211755841970443726e-02
5.088243260979652405e-02
1.330043226480484009e-01
6.263463199138641357e-02
-7.754784077405929565e-03
1.514936089515686035e-01
-7.295940071344375610e-02
5.059795081615447998e-02
4.649448394775390625e-02
-2.284521982073783875e-02
-5.419212579727172852e-02
-7.592937350273132324e-02
-1.425138711929321289e-01
3.385709971189498901e-02
7.156979292631149292e-02
-1.102045774459838867e-01
-2.728261798620223999e-02
9.827491641044616699e-02
-1.370561867952346802e-01
2.054506726562976837e-02
-1.008324511349201202e-02
-5.880220234394073486e-02
-3.283417969942092896e-02
1.218376606702804565e-01
-1.065631285309791565e-01
-7.520459592342376709e-02
1.007679253816604614e-01
-2.472098469734191895e-01
1.437496244907379150e-01
9.627330303192138672e-02
-4.751959815621376038e-02
1.199182718992233276e-01
7.779954373836517334e-02
3.617996349930763245e-02
1.572045311331748962e-02
-2.125685289502143860e-02
-7.594180852174758911e-02
-1.302313357591629028e-01
5.953583121299743652e-02
-9.237954765558242798e-02
7.074844837188720703e-02
2.907222881913185120e-02
