-5.287996679544448853e-02
9.743916243314743042e-02
3.976622223854064941e-02
-5.427405238151550293e-02
-2.466137707233428955e-01
1.777125988155603409e-03
-1.164804957807064056e-02
-1.418525576591491699e-01
1.746412813663482666e-01
-1.667397916316986084e-01
2.059160768985748291e-01
-3.699206188321113586e-02
-2.228194475173950195e-01
4.785516485571861267e-02
-4.198926687240600586e-02
2.131167948246002197e-01
-7.050511240959167480e-02
-2.028053402900695801e-01
-1.111206561326980591e-01
-9.661252796649932861e-02
-1.366704702377319336e-03
-4.670368507504463196e-03
2.828810736536979675e-02
1.012812554836273193e-01
-7.324258983135223389e-02
-2.651582062244415283e-01
-8.961287140846252441e-02
-9.115244448184967041e-02
9.595218114554882050e-03
-4.774444177746772766e-02
3.271195292472839355e-02
1.043341383337974548e-01
-9.490792453289031982e-02
-1.395852118730545044e-02
6.677879393100738525e-02
3.076801076531410217e-03
-9.545359760522842407e-02
-1.401772201061248779e-01
2.255560904741287231e-01
-4.846638068556785583e-02
-2.209767997264862061e-01
1.680353283882141113e-02
1.175624281167984009e-01
1.963475942611694336e-01
1.372814774513244629e-01
-3.212649002671241760e-02
1.336249113082885742e-01
-9.997986257076263428e-02
9.799508750438690186e-02
-2.456888556480407715e-01
-3.649692237377166748e-02
1.257918179035186768e-01
2.374635636806488037e-02
5.118979141116142273e-02
6.599028408527374268e-02
-1.610126793384552002e-01
2.381574735045433044e-02
1.274966448545455933e-01
-1.503048241138458252e-01
7.315821200609207153e-02
9.133067727088928223e-02
-4.430437088012695312e-02
-1.282441616058349609e-01
-8.164328336715698242e-02
2.324529141187667847e-01
1.832121610641479492e-01
-1.180992722511291504e-01
-2.498735785484313965e-01
2.308758497238159180e-01
-1.928968280553817749e-01
-1.367924809455871582e-01
1.405117362737655640e-01
-1.658191382884979248e-01
-1.317956596612930298e-01
-1.635900139808654785e-01
-5.032511427998542786e-02
5.413817763328552246e-01
9.876312315464019775e-02
-1.063814535737037659e-01
4.535727202892303467e-03
-6.516052782535552979e-02
-2.516064792871475220e-03
-3.117346577346324921e-02
9.981255233287811279e-02
-1.570031419396400452e-02
-1.320541501045227051e-01
-9.322456270456314087e-02
-1.228427886962890625e-02
2.584646940231323242e-01
-5.310336500406265259e-02
-3.392256051301956177e-02
2.055454105138778687e-01
9.735415875911712646e-02
-1.349159143865108490e-02
-1.449380442500114441e-02
1.079839020967483521e-01
-8.488866686820983887e-02
-5.043564364314079285e-03
-1.165314614772796631e-01
-3.050593286752700806e-02
-5.922543257474899292e-02
-4.107702895998954773e-02
-3.731675446033477783e-02
8.271164447069168091e-02
-1.570941358804702759e-01
1.853602230548858643e-01
-7.379126548767089844e-02
2.063542418181896210e-02
-6.517342478036880493e-02
9.118531644344329834e-02
-6.777480244636535645e-02
1.167789474129676819e-02
1.296058893203735352e-01
-2.259484529495239258e-01
1.247536689043045044e-01
1.607678234577178955e-01
6.430512666702270508e-02
6.561098992824554443e-02
4.331285506486892700e-02
8.271313458681106567e-02
5.968160554766654968e-02
-4.874219745397567749e-02
-1.941835284233093262e-01
-1.528940796852111816e-01
-2.122039534151554108e-02
-7.301498204469680786e-02
-6.437116861343383789e-02
5.388051271438598633e-02
