-9.625715017318725586e-02
6.568180024623870850e-02
6.021805107593536377e-03
-2.937538921833038330e-02
-1.268318593502044678e-01
-7.583615928888320923e-02
-5.205638706684112549e-02
-1.057992875576019287e-01
2.523776292800903320e-01
-2.571912668645381927e-02
1.343993395566940308e-01
-4.538632184267044067e-02
-3.640997707843780518e-01
5.074412375688552856e-02
-1.242939084768295288e-01
1.978169828653335571e-01
-1.439650952816009521e-01
-9.682094305753707886e-02
-2.166369929909706116e-02
-2.758333086967468262e-02
7.766013592481613159e-02
4.501669481396675110e-02
9.859093278646469116e-02
1.598623394966125488e-01
-1.205711662769317627e-01
-4.067455232143402100e-01
-8.100239932537078857e-02
-6.938284635543823242e-02
-6.111449375748634338e-02
-5.745734646916389465e-02
6.124673038721084595e-02
1.466817706823348999e-01
-1.209401786327362061e-01
-3.113093040883541107e-02
1.095182821154594421e-01
7.678508758544921875e-02
-4.080899991095066071e-03
-1.487189084291458130e-01
2.134823501110076904e-01
3.639167547225952148e-02
-2.602335810661315918e-01
-5.018522590398788452e-02
7.817382365465164185e-02
2.533230781555175781e-01
1.816224306821823120e-01
1.863984018564224243e-02
1.072410419583320618e-01
-1.899575442075729370e-01
1.060140281915664673e-01
-2.732665836811065674e-01
1.664195396006107330e-02
1.508107930421829224e-01
7.043869048357009888e-02
-4.823077842593193054e-02
1.453510224819183350e-01
-1.820408701896667480e-01
2.410931885242462158e-02
1.304088979959487915e-01
-2.356190383434295654e-01
-9.709708392620086670e-04
7.361175119876861572e-02
3.215640783309936523e-03
-3.944684937596321106e-02
-9.739528596401214600e-02
1.549079120159149170e-01
9.306338429450988770e-02
-1.465490758419036865e-01
-9.263799339532852173e-02
2.591770589351654053e-01
-2.401636093854904175e-01
-1.970546692609786987e-02
1.151193901896476746e-01
-7.094325125217437744e-02
-2.750673294067382812e-01
-2.497336715459823608e-01
-8.110594749450683594e-02
4.206825494766235352e-01
2.077483981847763062e-01
-1.541960090398788452e-01
7.040198147296905518e-02
-3.582858666777610779e-02
3.900136798620223999e-04
-1.981047913432121277e-02
1.740508824586868286e-01
-5.930858105421066284e-02
2.655733376741409302e-03
-8.119160681962966919e-02
1.990869641304016113e-03
1.695708781480789185e-01
2.916939556598663330e-02
1.084731332957744598e-02
3.277803361415863037e-01
7.000352442264556885e-02
-2.293307706713676453e-02
4.094773530960083008e-02
7.516902685165405273e-02
-1.581993997097015381e-01
-1.393404416739940643e-02
-1.407122910022735596e-01
-6.602230668067932129e-02
1.278742495924234390e-02
5.094660911709070206e-03
5.121445283293724060e-02
9.550283104181289673e-02
-2.355668693780899048e-01
1.294049322605133057e-01
-6.689721345901489258e-02
-6.863961368799209595e-02
2.025319635868072510e-02
1.588914543390274048e-03
-3.279778733849525452e-02
-2.703964151442050934e-02
1.536164581775665283e-01
-2.950280904769897461e-01
5.866155773401260376e-02
1.160976886749267578e-01
2.054697088897228241e-02
1.596761643886566162e-01
-2.700107172131538391e-02
9.187109768390655518e-02
4.103278368711471558e-02
-1.173134222626686096e-01
-1.644184142351150513e-01
-8.040541410446166992e-02
7.448135875165462494e-03
-1.120268851518630981e-01
6.174854934215545654e-04
-9.141683578491210938e-03
