-1.096066758036613464e-01
8.336032927036285400e-02
6.201679259538650513e-02
-7.891050726175308228e-02
-8.501209318637847900e-02
3.075609914958477020e-03
-8.275160938501358032e-02
-1.438138931989669800e-01
1.440353393554687500e-01
-1.354714035987854004e-01
1.380428969860076904e-01
2.412418276071548462e-02
-3.015638589859008789e-01
6.590895354747772217e-04
-1.007199436426162720e-01
1.822065412998199463e-01
-1.399771124124526978e-01
-2.259986251592636108e-01
-5.336696282029151917e-02
-8.330273628234863281e-02
-2.113118022680282593e-02
-3.680813685059547424e-02
2.306418120861053467e-02
1.068021357059478760e-01
-2.005981802940368652e-01
-3.681280612945556641e-01
-5.924775451421737671e-02
-5.137409642338752747e-02
-1.086066514253616333e-01
6.305985152721405029e-06
4.252227395772933960e-02
2.346751280128955841e-03
-2.428243160247802734e-01
5.697739869356155396e-02
-1.288033649325370789e-02
6.384304165840148926e-02
-7.966007292270660400e-02
-1.134792417287826538e-01
2.271507978439331055e-01
1.010098978877067566e-01
-2.261863946914672852e-01
-1.311274990439414978e-02
4.805380105972290039e-02
2.890457808971405029e-01
2.046921402215957642e-01
-2.009582892060279846e-02
9.884976595640182495e-02
-8.011377602815628052e-02
1.196208968758583069e-01
-3.212228417396545410e-01
8.556035906076431274e-02
1.919894069433212280e-01
7.442599534988403320e-02
1.468395069241523743e-02
6.873192638158798218e-02
-6.563919782638549805e-02
5.979467183351516724e-03
1.946300864219665527e-01
-1.972601562738418579e-01
5.107057839632034302e-02
2.407080307602882385e-02
-2.681664563715457916e-02
-9.312308579683303833e-02
-9.477359801530838013e-02
2.521567642688751221e-01
1.362025439739227295e-01
-1.897464394569396973e-01
-6.890670210123062134e-02
2.589549422264099121e-01
-1.795003414154052734e-01
-7.746694982051849365e-02
1.907696761190891266e-02
-6.898206472396850586e-02
-2.620117664337158203e-01
-3.174285292625427246e-01
8.937976509332656860e-02
4.016755819320678711e-01
2.523270249366760254e-01
-1.644572913646697998e-01
7.621259987354278564e-02
-8.618972450494766235e-02
-8.049011230468750000e-04
-1.416385173797607422e-03
1.661123484373092651e-01
-5.895503610372543335e-02
3.914717212319374084e-02
-4.056023433804512024e-02
2.742337808012962341e-02
2.048870027065277100e-01
5.538421869277954102e-02
-3.925287723541259766e-02
3.211031258106231689e-01
5.454038083553314209e-02
-6.873324513435363770e-02
3.452244400978088379e-02
9.336452931165695190e-02
-1.522130072116851807e-01
-7.134860008955001831e-02
-1.782238781452178955e-01
-9.054404497146606445e-02
3.594752401113510132e-02
4.151218011975288391e-02
2.630102634429931641e-02
1.177756190299987793e-01
-2.050808966159820557e-01
1.773516237735748291e-01
-4.944182187318801880e-02
-7.116425782442092896e-02
3.665827214717864990e-02
3.423769772052764893e-02
-7.823090255260467529e-02
-1.313862949609756470e-01
8.603119105100631714e-02
-2.740541696548461914e-01
5.487193912267684937e-02
1.534545421600341797e-01
5.128134414553642273e-02
1.451042294502258301e-01
1.100088804960250854e-01
3.119134344160556793e-02
4.025406762957572937e-02
-6.157152354717254639e-02
-1.569715738296508789e-01
-1.190380454063415527e-01
6.615196168422698975e-02
-2.941352501511573792e-02
6.574814021587371826e-02
4.895566403865814209e-02
