-1.010175272822380066e-01
6.198949180543422699e-03
8.595697581768035889e-04
-2.070298790931701660e-02
-8.589455485343933105e-02
6.230707280337810516e-03
-6.062613427639007568e-02
-3.880572319030761719e-02
1.663405746221542358e-01
-1.060000658035278320e-01
9.783870726823806763e-02
-5.451988428831100464e-02
-1.995020359754562378e-01
-3.120944648981094360e-02
-8.170069754123687744e-02
2.003023922443389893e-01
-1.725113987922668457e-01
-1.985661238431930542e-01
3.837369009852409363e-02
3.986509516835212708e-03
1.606971770524978638e-02
-3.798342123627662659e-02
3.938769549131393433e-02
1.536483615636825562e-01
-1.483848243951797485e-01
-4.333086609840393066e-01
-1.958832703530788422e-02
-1.538885831832885742e-01
-9.758396446704864502e-02
-4.502671957015991211e-02
1.397075224667787552e-02
1.392832845449447632e-01
-2.678522169589996338e-01
-3.089934587478637695e-03
2.336404845118522644e-02
1.650766283273696899e-01
9.549881331622600555e-03
-2.980215474963188171e-02
1.432975530624389648e-01
7.586449384689331055e-02
-2.832247018814086914e-01
-5.291108787059783936e-02
1.533317863941192627e-01
2.526472210884094238e-01
1.432180106639862061e-01
6.379521638154983521e-02
1.047518569976091385e-02
-3.778706863522529602e-02
1.155896410346031189e-01
-3.421128392219543457e-01
3.222640976309776306e-02
1.064780429005622864e-01
6.481236219406127930e-02
8.647685497999191284e-02
5.189580842852592468e-02
-1.671327203512191772e-01
1.176001578569412231e-01
1.977207884192466736e-02
-1.507723033428192139e-01
5.494098365306854248e-02
-1.716666109859943390e-02
5.288334563374519348e-03
4.063307493925094604e-02
-1.059086993336677551e-02
3.229375183582305908e-01
1.213462948799133301e-01
-6.866517663002014160e-02
-5.149811133742332458e-02
1.652381718158721924e-01
-2.067936807870864868e-01
-4.900262132287025452e-02
1.254480779170989990e-01
-5.759969353675842285e-02
-2.017824649810791016e-01
-2.867272496223449707e-01
-6.091348826885223389e-02
3.540294766426086426e-01
1.871589422225952148e-01
-1.087068691849708557e-01
7.913962006568908691e-02
-8.571214973926544189e-02
1.872386783361434937e-04
2.250778302550315857e-02
1.541521102190017700e-01
-1.949548721313476562e-02
1.050142049789428711e-01
-4.881056025624275208e-02
-3.125034272670745850e-04
2.767098844051361084e-01
4.607008397579193115e-02
-6.933333352208137512e-03
2.450016289949417114e-01
-8.407324552536010742e-03
3.493831679224967957e-02
4.661677777767181396e-02
2.721089869737625122e-02
-7.393151521682739258e-02
-4.755272716283798218e-02
-1.956532448530197144e-01
-1.091713756322860718e-01
-2.850318327546119690e-02
-1.448994502425193787e-03
-2.745280601084232330e-02
7.036453485488891602e-02
-3.210526704788208008e-01
7.849685847759246826e-02
-4.287330061197280884e-02
-6.685941666364669800e-02
2.313785254955291748e-02
1.013166755437850952e-01
-6.001532822847366333e-02
-1.555870845913887024e-02
1.075676977634429932e-01
-2.627263069152832031e-01
2.008024156093597412e-01
1.774124056100845337e-01
5.247359350323677063e-02
1.448844373226165771e-01
5.635567754507064819e-02
2.082996629178524017e-02
-3.987141326069831848e-02
-1.408383250236511230e-01
-1.391696780920028687e-01
-6.221072003245353699e-02
7.260293513536453247e-02
-8.942914754152297974e-02
2.352620847523212433e-02
5.823813378810882568e-03
