-1.421151310205459595e-01
1.704670190811157227e-01
2.432935312390327454e-02
-4.214482754468917847e-02
-3.282361477613449097e-02
-3.220669925212860107e-02
-1.394356228411197662e-02
-1.987278461456298828e-02
2.114339023828506470e-01
-1.464060507714748383e-02
2.189469039440155029e-01
2.828368917107582092e-03
-2.728288173675537109e-01
-5.568759515881538391e-02
-2.169251814484596252e-02
9.378761053085327148e-02
-1.522446572780609131e-01
-1.630361825227737427e-01
-5.972084030508995056e-02
-3.439045324921607971e-02
8.693637698888778687e-02
-4.581395536661148071e-03
2.841243147850036621e-02
1.114863157272338867e-02
-1.631243526935577393e-01
-3.740368783473968506e-01
-2.810744568705558777e-02
-1.376164108514785767e-01
-2.500347793102264404e-03
-1.540407985448837280e-01
3.339125961065292358e-02
7.964719831943511963e-02
-2.259500920772552490e-01
-9.029857814311981201e-02
-3.038294613361358643e-02
8.324221521615982056e-02
-1.990382373332977295e-02
3.532412648200988770e-02
2.042535096406936646e-01
3.211419284343719482e-02
-2.048516869544982910e-01
-2.818930521607398987e-02
2.672287076711654663e-02
2.901041507720947266e-01
1.543124020099639893e-01
9.157752990722656250e-02
-2.402308769524097443e-02
-2.106713876128196716e-02
1.151377782225608826e-01
-2.565344274044036865e-01
3.989661484956741333e-02
1.149616092443466187e-01
1.281293034553527832e-01
5.746117606759071350e-02
1.151459887623786926e-01
-1.573759764432907104e-01
3.387838229537010193e-02
4.076042026281356812e-02
-2.199094295501708984e-01
3.654408454895019531e-02
1.463835313916206360e-02
-8.196954429149627686e-02
-3.170719742774963379e-02
-5.193772912025451660e-02
2.101899832487106323e-01
4.304271936416625977e-02
-6.174716353416442871e-02
-4.570509120821952820e-02
1.643523275852203369e-01
-9.698980301618576050e-02
-3.611121699213981628e-02
1.558123230934143066e-01
-4.697377234697341919e-02
-1.874052286148071289e-01
-2.726657688617706299e-01
4.965828359127044678e-02
3.667958974838256836e-01
1.374190449714660645e-01
-1.693960726261138916e-01
8.084569126367568970e-03
-3.236635029315948486e-02
-4.511636495590209961e-02
4.339344054460525513e-02
-1.619160361588001251e-02
-1.374110281467437744e-01
6.980252265930175781e-02
-1.535401046276092529e-01
1.144602149724960327e-02
1.975254267454147339e-01
3.323111683130264282e-02
-7.898786664009094238e-02
1.717568486928939819e-01
-1.532097533345222473e-02
9.679546952247619629e-02
5.959187448024749756e-02
4.456409066915512085e-02
-1.122348308563232422e-01
-3.932018578052520752e-02
-2.098102122545242310e-01
-8.017197996377944946e-02
7.250448316335678101e-02
-6.680840253829956055e-02
-8.638983964920043945e-02
8.742813766002655029e-02
-1.322638690471649170e-01
7.192004472017288208e-02
1.629870012402534485e-02
-3.650236874818801880e-02
-9.663905948400497437e-02
7.215048372745513916e-02
-1.041835993528366089e-01
-3.075375407934188843e-02
1.172624528408050537e-01
-2.370160669088363647e-01
2.032202184200286865e-01
1.671364158391952515e-01
-3.165883943438529968e-02
1.112882718443870544e-01
8.387057483196258545e-02
-2.760412544012069702e-02
-4.914703220129013062e-02
-4.444496706128120422e-02
-1.594137251377105713e-01
-1.335889995098114014e-01
1.241478547453880310e-01
9.673189371824264526e-03
1.096227392554283142e-01
-8.803447708487510681e-04
