-1.020412892103195190e-01
3.226342052221298218e-02
6.940655410289764404e-03
-1.302219629287719727e-01
-1.360575407743453979e-01
-3.579845651984214783e-02
4.440994188189506531e-02
-7.473857700824737549e-02
2.286997586488723755e-01
-1.229189038276672363e-01
1.537007987499237061e-01
3.186699002981185913e-02
-2.762211263179779053e-01
-1.108168512582778931e-01
2.520032972097396851e-02
1.203171908855438232e-01
-1.254771053791046143e-01
-1.391002386808395386e-01
-5.221597850322723389e-02
-9.882992506027221680e-02
3.540479019284248352e-02
2.563673816621303558e-02
1.713392138481140137e-02
1.135400533676147461e-01
-8.238381892442703247e-02
-3.547674715518951416e-01
-9.131738543510437012e-02
-3.786510229110717773e-02
2.510401979088783264e-02
-1.345171332359313965e-01
8.295485749840736389e-04
1.279593110084533691e-01
-1.246023029088973999e-01
-3.675168752670288086e-02
1.689988374710083008e-02
1.497058719396591187e-01
-3.588989377021789551e-02
-1.100282073020935059e-01
2.066389322280883789e-01
8.376358449459075928e-02
-1.541118472814559937e-01
-8.593074977397918701e-03
-3.732492774724960327e-02
3.006986081600189209e-01
1.401059031486511230e-01
-4.173992574214935303e-02
8.609953522682189941e-02
-1.139637082815170288e-01
1.996788382530212402e-01
-2.274356037378311157e-01
4.248493164777755737e-02
1.533665955066680908e-01
1.009681969881057739e-01
-5.523631721735000610e-02
1.408342272043228149e-01
-1.009748280048370361e-01
2.305033057928085327e-02
1.773521006107330322e-01
-2.943586111068725586e-01
5.283207446336746216e-02
9.072180092334747314e-02
-1.239223852753639221e-01
-1.112866103649139404e-01
-1.505789011716842651e-01
1.243488118052482605e-01
1.117923259735107422e-01
-9.498889744281768799e-02
-1.626874506473541260e-01
2.212972640991210938e-01
-1.589241027832031250e-01
-8.558033406734466553e-02
9.227559715509414673e-02
-1.152919456362724304e-01
-1.764894574880599976e-01
-2.725890278816223145e-01
6.059952825307846069e-02
3.443071246147155762e-01
2.388549894094467163e-01
-8.556295186281204224e-02
2.599196694791316986e-02
-7.608503848314285278e-02
9.806275367736816406e-03
3.635638207197189331e-02
4.442099109292030334e-02
-1.365988850593566895e-01
-2.899020910263061523e-04
-1.028419286012649536e-01
1.099837347865104675e-01
1.137425601482391357e-01
7.326346635818481445e-02
-4.203455150127410889e-02
2.030765265226364136e-01
5.375120788812637329e-02
4.459108039736747742e-02
-2.211784943938255310e-03
-1.872114837169647217e-03
-1.033087745308876038e-01
2.122697420418262482e-02
-1.392785161733627319e-01
-5.062527954578399658e-03
8.017084002494812012e-02
-1.356313973665237427e-01
8.116143941879272461e-02
9.780421853065490723e-02
-2.200695425271987915e-01
1.335705965757369995e-01
-5.748221650719642639e-02
-6.243615224957466125e-02
-3.015908226370811462e-02
-4.776564240455627441e-02
-1.488137543201446533e-01
6.233137845993041992e-02
1.246118545532226562e-01
-3.345271944999694824e-01
1.322471797466278076e-01
1.879525333642959595e-01
7.930290699005126953e-02
1.262581348419189453e-01
2.956806123256683350e-02
1.082160696387290955e-02
-1.981412619352340698e-02
-1.635762751102447510e-01
-1.691026240587234497e-01
-5.695407092571258545e-02
8.123168349266052246e-02
-4.279098939150571823e-03
7.227852940559387207e-02
1.953000761568546295e-02
