-1.175998151302337646e-01
7.570964843034744263e-02
2.199099957942962646e-02
-6.502848863601684570e-02
-9.553468972444534302e-02
3.003049641847610474e-03
-4.467903077602386475e-02
-1.325980424880981445e-01
1.681348085403442383e-01
-1.350795924663543701e-01
2.746359109878540039e-01
8.999609947204589844e-02
-1.651056706905364990e-01
-1.201125979423522949e-02
-3.198616951704025269e-02
1.419752985239028931e-01
-2.752901315689086914e-01
-1.003011241555213928e-01
-9.879917651414871216e-02
-7.897508144378662109e-02
3.102925419807434082e-02
4.285851866006851196e-02
-1.093134284019470215e-02
9.897674620151519775e-02
-9.612061083316802979e-02
-3.246370851993560791e-01
-7.010799646377563477e-02
-8.211457729339599609e-02
6.239575147628784180e-02
-4.013669490814208984e-02
6.893750280141830444e-02
3.783680126070976257e-02
-1.202758252620697021e-01
1.002596598118543625e-02
4.012069851160049438e-02
4.431209713220596313e-02
-1.102120727300643921e-01
8.739724755287170410e-03
2.618691921234130859e-01
5.026579648256301880e-02
-1.737098097801208496e-01
7.833161950111389160e-02
1.259158179163932800e-02
3.591477870941162109e-01
2.490994185209274292e-01
6.400908529758453369e-02
-1.334283873438835144e-02
-9.328738600015640259e-02
1.543429493904113770e-01
-3.288848996162414551e-01
8.809426426887512207e-02
2.144378125667572021e-01
1.636128574609756470e-01
9.203784167766571045e-02
4.430067539215087891e-02
-1.671715229749679565e-01
2.587402611970901489e-02
1.388195306062698364e-01
-1.907616853713989258e-01
7.301715016365051270e-02
4.709181189537048340e-02
-9.587777405977249146e-02
3.881894797086715698e-02
-2.369811572134494781e-02
2.140287905931472778e-01
1.250066459178924561e-01
-2.025745809078216553e-01
-8.669678121805191040e-02
8.036086708307266235e-02
-1.626128852367401123e-01
-1.315108388662338257e-01
1.213749125599861145e-02
-1.558684706687927246e-01
-2.367703616619110107e-01
-3.361480236053466797e-01
1.705021783709526062e-02
4.201618432998657227e-01
1.806738376617431641e-01
-2.384828180074691772e-01
-6.006185710430145264e-02
-7.372208684682846069e-02
-2.030743099749088287e-02
1.121227443218231201e-01
1.179664656519889832e-01
-1.020256578922271729e-01
-1.624476909637451172e-01
-7.036480307579040527e-02
-7.933922111988067627e-03
1.679239720106124878e-01
1.124120503664016724e-02
-8.129046857357025146e-02
2.796772122383117676e-01
5.049802735447883606e-02
2.009570784866809845e-02
-9.639933705329895020e-03
8.892783522605895996e-02
-1.030121743679046631e-01
-2.425334788858890533e-02
-1.538939774036407471e-01
-4.005075246095657349e-02
-6.119710952043533325e-02
1.284370291978120804e-02
1.563205942511558533e-02
1.270765215158462524e-01
-2.343977391719818115e-01
3.029227852821350098e-01
3.934107720851898193e-03
1.330566033720970154e-02
8.169916458427906036e-03
1.682507432997226715e-02
-1.372224986553192139e-01
-1.372815296053886414e-02
1.719831973314285278e-01
-2.233199179172515869e-01
2.471765279769897461e-01
2.468931674957275391e-01
9.372249245643615723e-02
1.793562024831771851e-01
1.004507094621658325e-01
-6.971793249249458313e-03
-5.243977531790733337e-02
-1.995085552334785461e-02
-1.854185163974761963e-01
-5.373254045844078064e-02
2.886396273970603943e-02
-5.819857865571975708e-02
6.415252387523651123e-02
1.277377083897590637e-02
