-7.588166743516921997e-02
1.863576024770736694e-01
4.461437463760375977e-03
-7.608469575643539429e-03
-1.521069854497909546e-01
5.904303863644599915e-02
-6.422478705644607544e-03
-5.725330114364624023e-02
1.475944370031356812e-01
-2.462248504161834717e-02
2.396152615547180176e-01
-5.826636776328086853e-02
-2.320139557123184204e-01
-1.428397744894027710e-01
2.750463411211967468e-02
1.444063484668731689e-01
-6.057263910770416260e-02
-1.398879736661911011e-01
-4.846737161278724670e-02
1.580983400344848633e-03
3.236743807792663574e-02
4.052859172224998474e-02
9.071731567382812500e-02
8.984985202550888062e-02
-1.785099357366561890e-01
-3.598281741142272949e-01
-1.142196506261825562e-01
-1.352826058864593506e-01
7.334437966346740723e-02
-1.775941997766494751e-01
-7.966315746307373047e-02
1.315736174583435059e-01
-1.074572056531906128e-01
-7.364067435264587402e-02
4.320427775382995605e-02
1.235551387071609497e-01
-1.490629315376281738e-01
-2.485133707523345947e-02
2.440671771764755249e-01
7.763641327619552612e-02
-1.540050357580184937e-01
5.138605087995529175e-02
6.472440063953399658e-02
3.830879926681518555e-01
2.217901051044464111e-01
3.515251725912094116e-02
8.411388099193572998e-02
-7.212584838271141052e-03
8.627568185329437256e-02
-2.525098919868469238e-01
9.744571149349212646e-02
1.585375517606735229e-01
1.396523714065551758e-01
1.262829303741455078e-01
1.329960376024246216e-01
-8.660873770713806152e-02
-7.075667381286621094e-04
8.757676929235458374e-02
-2.462695389986038208e-01
9.718462079763412476e-02
8.721707761287689209e-02
-5.404705554246902466e-02
-4.234547540545463562e-02
-1.077619865536689758e-01
2.024674415588378906e-01
1.046710908412933350e-01
-7.276126742362976074e-02
-1.459730118513107300e-01
1.577537357807159424e-01
-1.783385574817657471e-01
-1.074865981936454773e-01
1.553877294063568115e-01
-1.360698342323303223e-01
-1.718562841415405273e-01
-2.462411820888519287e-01
6.514448672533035278e-02
3.503713011741638184e-01
2.275214195251464844e-01
-1.007116809487342834e-01
2.113319560885429382e-02
-4.880217835307121277e-03
-8.245678246021270752e-02
-3.362597897648811340e-02
-3.741117194294929504e-03
-6.021302938461303711e-02
-4.823980852961540222e-02
-7.933481037616729736e-02
5.304899811744689941e-02
2.081649750471115112e-01
-5.997694283723831177e-02
-6.065832450985908508e-03
2.052690088748931885e-01
5.552998185157775879e-02
2.774394676089286804e-02
3.182012587785720825e-02
5.268149077892303467e-03
-4.046144708991050720e-02
8.099894970655441284e-03
-1.364244669675827026e-01
2.056814916431903839e-02
-6.577280163764953613e-02
-1.925463229417800903e-01
3.081571310758590698e-03
7.395751774311065674e-03
-2.102711945772171021e-01
1.978760361671447754e-01
2.457200177013874054e-02
-3.696003183722496033e-02
-1.080950424075126648e-01
1.805871911346912384e-02
-2.205139398574829102e-01
9.072545170783996582e-02
1.946023851633071899e-01
-3.620908260345458984e-01
2.543869912624359131e-01
1.742752045392990112e-01
7.485872507095336914e-02
7.826704531908035278e-02
9.198586642742156982e-02
4.971358552575111389e-02
1.250894553959369659e-02
-8.492506295442581177e-02
-8.432923257350921631e-02
-1.446512043476104736e-01
8.887400478124618530e-02
-4.921806603670120239e-02
3.166596591472625732e-02
6.731792539358139038e-02
