-1.808631420135498047e-01
7.183849066495895386e-02
4.022726044058799744e-02
-1.120412647724151611e-01
-1.245945170521736145e-01
4.896772280335426331e-02
-6.246069073677062988e-02
-6.893855333328247070e-02
1.147433221340179443e-01
-7.547513395547866821e-02
2.786232829093933105e-01
2.026146650314331055e-02
-2.455663084983825684e-01
-8.128362149000167847e-02
-1.764302700757980347e-02
1.120667606592178345e-01
-2.348553389310836792e-03
-1.012547463178634644e-01
-2.942541614174842834e-02
-7.954583317041397095e-02
1.654070243239402771e-02
5.070464313030242920e-02
-3.983189165592193604e-02
8.088950812816619873e-02
-1.701277792453765869e-01
-3.205447793006896973e-01
-9.468163549900054932e-02
-2.163777872920036316e-02
-6.135895103216171265e-02
-1.744196861982345581e-01
-4.395108669996261597e-02
1.257285624742507935e-01
-1.469752192497253418e-01
-3.107328712940216064e-02
5.469190329313278198e-02
1.672572344541549683e-01
-1.117889210581779480e-01
-9.122390300035476685e-02
2.035456597805023193e-01
7.031231373548507690e-02
-1.274071931838989258e-01
2.439023926854133606e-02
5.768130719661712646e-02
3.342768549919128418e-01
1.542112380266189575e-01
-4.731586202979087830e-02
8.505029231309890747e-02
-6.292642652988433838e-02
1.665907651185989380e-01
-2.218604683876037598e-01
4.582189768552780151e-02
1.429730653762817383e-01
1.880517005920410156e-01
5.200307816267013550e-02
1.844555139541625977e-03
-7.593847066164016724e-02
-2.162544801831245422e-02
1.949280202388763428e-01
-2.370341569185256958e-01
1.118219643831253052e-02
4.023800045251846313e-02
-1.134508699178695679e-01
-1.429948359727859497e-01
-1.318295747041702271e-01
2.044350057840347290e-01
1.935422867536544800e-01
-1.662708818912506104e-01
-1.474679261445999146e-01
1.876466572284698486e-01
-8.835241943597793579e-02
-8.110323548316955566e-02
1.165528595447540283e-01
-1.780369579792022705e-01
-2.347349673509597778e-01
-2.193565964698791504e-01
1.789307147264480591e-01
3.114752471446990967e-01
1.789687871932983398e-01
-1.279638260602951050e-01
1.380349695682525635e-02
-4.580390825867652893e-02
1.826842501759529114e-02
-4.823949560523033142e-02
4.906065389513969421e-02
-1.024185717105865479e-01
-4.994913935661315918e-03
1.994734443724155426e-02
1.020192652940750122e-01
2.385451644659042358e-01
3.760512173175811768e-02
-4.986939951777458191e-02
1.794902682304382324e-01
8.280675113201141357e-02
5.114226788282394409e-02
3.702601790428161621e-02
4.264810681343078613e-02
-2.773103863000869751e-02
-5.057930573821067810e-02
-1.329752206802368164e-01
2.186482772231101990e-02
-1.808894984424114227e-02
-1.042058095335960388e-01
6.254420429468154907e-02
1.179556995630264282e-01
-2.204965204000473022e-01
2.277549952268600464e-01
-2.205798402428627014e-03
-4.661479592323303223e-02
-1.222287584096193314e-02
-3.065063990652561188e-02
-9.415321052074432373e-02
9.821642190217971802e-03
1.002336293458938599e-01
-3.365344107151031494e-01
1.497607529163360596e-01
1.363764703273773193e-01
1.325818300247192383e-01
1.451553106307983398e-01
1.051806584000587463e-01
9.596979245543479919e-03
4.436068236827850342e-02
-7.348016649484634399e-02
-1.319255828857421875e-01
-8.583971112966537476e-02
1.579457074403762817e-01
-1.563868857920169830e-02
7.746654003858566284e-02
-1.902643218636512756e-02
