-4.156063124537467957e-02
2.618301659822463989e-02
7.986846566200256348e-02
-8.281832933425903320e-02
-1.375149488449096680e-01
-4.522882774472236633e-02
2.031936123967170715e-02
-7.100722193717956543e-02
1.301994025707244873e-01
-1.012143567204475403e-01
1.184357181191444397e-01
-3.853790462017059326e-02
-2.193805277347564697e-01
-2.286478877067565918e-02
-1.977269910275936127e-02
1.970551609992980957e-01
-1.470302343368530273e-01
-2.430215924978256226e-01
-1.183695122599601746e-01
-5.041906237602233887e-02
6.223320215940475464e-02
4.059125483036041260e-02
9.829621762037277222e-03
8.618090301752090454e-02
-1.681966632604598999e-01
-3.598980605602264404e-01
-4.813300818204879761e-02
-2.418828755617141724e-02
-1.135888881981372833e-02
-7.234583795070648193e-02
6.289578229188919067e-02
2.408214807510375977e-01
-1.961960941553115845e-01
7.749814540147781372e-04
6.028617173433303833e-02
5.441189557313919067e-02
6.177669391036033630e-03
-1.362405717372894287e-01
2.279477715492248535e-01
6.568691879510879517e-02
-2.902467250823974609e-01
-2.171225845813751221e-02
1.042235121130943298e-01
3.184128701686859131e-01
1.505052447319030762e-01
4.630031436681747437e-02
6.032185629010200500e-02
-6.757447496056556702e-03
1.071286797523498535e-01
-3.162101805210113525e-01
-1.199061796069145203e-02
1.460924744606018066e-01
4.677098989486694336e-02
9.488552808761596680e-03
8.410988748073577881e-02
-1.506990492343902588e-01
8.338984847068786621e-02
-1.392423175275325775e-02
-2.405638992786407471e-01
6.897304207086563110e-02
3.468593582510948181e-02
-2.040337622165679932e-01
-1.734996400773525238e-02
-1.757038384675979614e-01
2.273763716220855713e-01
4.533286392688751221e-02
-7.563360035419464111e-02
-1.033415347337722778e-01
2.834478020668029785e-01
-1.725651323795318604e-01
-8.805282413959503174e-02
8.495064079761505127e-02
-1.193422675132751465e-01
-1.293241828680038452e-01
-2.984760701656341553e-01
-9.570391476154327393e-02
3.928656280040740967e-01
1.597865074872970581e-01
-1.877225935459136963e-01
5.573837459087371826e-02
-1.241381559520959854e-02
-1.062717288732528687e-03
2.534777298569679260e-02
1.801929473876953125e-01
-2.198483794927597046e-03
2.173011004924774170e-02
-9.283635020256042480e-02
2.665173262357711792e-02
3.093326985836029053e-01
-1.989720016717910767e-02
-6.472323834896087646e-02
2.595461606979370117e-01
8.003932237625122070e-02
-7.120218873023986816e-02
2.956910803914070129e-02
-3.218702971935272217e-03
-6.047545373439788818e-02
-3.259324282407760620e-02
-1.628344953060150146e-01
3.289388120174407959e-02
-2.248082682490348816e-02
-4.437113553285598755e-02
-3.930870443582534790e-02
1.487508863210678101e-01
-1.588352471590042114e-01
1.469354331493377686e-01
-4.230498149991035461e-02
-6.293724477291107178e-02
-7.409307360649108887e-02
3.457009792327880859e-02
-1.211854293942451477e-01
-8.039651811122894287e-02
9.384823590517044067e-02
-2.346507310867309570e-01
1.107782498002052307e-01
2.244575619697570801e-01
4.717478156089782715e-02
8.948744833469390869e-02
-1.371910888701677322e-02
8.971606194972991943e-02
1.650853082537651062e-03
-5.402450636029243469e-02
-1.733813732862472534e-01
-1.648528128862380981e-01
9.203200787305831909e-02
-7.648038864135742188e-02
2.121895924210548401e-02
7.444041967391967773e-02
