-1.034099757671356201e-01
7.191005349159240723e-02
3.855256363749504089e-02
-7.764475792646408081e-02
-8.574795722961425781e-02
6.290616840124130249e-02
-6.936087459325790405e-02
4.373732954263687134e-03
2.281221896409988403e-01
-1.577951908111572266e-01
1.178333386778831482e-01
-2.770436368882656097e-02
-3.012771010398864746e-01
8.205093443393707275e-03
-1.434553414583206177e-01
2.877933382987976074e-01
-1.637558788061141968e-01
-2.063971906900405884e-01
-1.577443033456802368e-01
-7.634267956018447876e-02
-5.651157349348068237e-03
9.982536733150482178e-02
1.467645168304443359e-02
7.089851796627044678e-02
-1.906335651874542236e-01
-3.469183146953582764e-01
-1.348787173628807068e-02
-1.041959077119827271e-01
-3.879744559526443481e-02
-1.753918826580047607e-01
2.562666311860084534e-03
8.548188209533691406e-02
-1.744609773159027100e-01
8.516855537891387939e-03
6.878577917814254761e-02
1.116193383932113647e-01
-7.729005068540573120e-02
-1.375865787267684937e-01
2.315758466720581055e-01
1.388121545314788818e-01
-3.012388646602630615e-01
-9.737199544906616211e-02
9.177169948816299438e-02
3.037695586681365967e-01
1.703098714351654053e-01
3.388848155736923218e-03
6.344085186719894409e-02
-1.094917058944702148e-01
1.211004778742790222e-01
-3.453134596347808838e-01
4.213020950555801392e-02
1.456520855426788330e-01
9.129884839057922363e-02
1.005782857537269592e-01
5.849524587392807007e-02
-1.439687460660934448e-01
1.717236638069152832e-02
1.889428496360778809e-01
-1.955498903989791870e-01
7.420136779546737671e-02
9.082078933715820312e-02
-1.497443914413452148e-01
-9.115351736545562744e-02
-5.910371989011764526e-02
2.730819582939147949e-01
9.705796837806701660e-02
-2.031140923500061035e-01
-1.416718363761901855e-01
2.980873882770538330e-01
-1.375068277120590210e-01
-4.765574261546134949e-02
1.216965094208717346e-01
-3.829410672187805176e-02
-2.006992697715759277e-01
-2.804023027420043945e-01
-2.596087753772735596e-03
4.144904315471649170e-01
1.803470104932785034e-01
-8.060462772846221924e-02
3.996802866458892822e-02
-8.096707612276077271e-02
-2.383818849921226501e-02
-9.702663123607635498e-02
2.514175176620483398e-01
-9.002086520195007324e-02
4.962656646966934204e-02
2.040724083781242371e-02
5.883463472127914429e-02
2.179557234048843384e-01
3.042126446962356567e-02
-2.598994225263595581e-02
2.068293392658233643e-01
5.277466028928756714e-03
-5.182376503944396973e-02
-1.690227538347244263e-02
6.005400791764259338e-02
-1.725815534591674805e-01
-6.732927262783050537e-02
-9.671810269355773926e-02
-8.390861004590988159e-02
2.720129489898681641e-02
-1.423147600144147873e-02
2.554282359778881073e-02
1.212683469057083130e-01
-1.259007304906845093e-01
1.926803141832351685e-01
-7.544949650764465332e-02
-8.307915925979614258e-02
3.178713470697402954e-02
2.082580327987670898e-02
-4.803528264164924622e-02
-4.479049146175384521e-02
1.540428400039672852e-01
-2.476966530084609985e-01
1.205152124166488647e-01
1.613202244043350220e-01
1.065889820456504822e-01
1.295752078294754028e-01
1.406026631593704224e-01
1.058475226163864136e-01
5.306923761963844299e-02
-6.317261606454849243e-02
-2.313073575496673584e-01
-1.168181374669075012e-01
8.689884841442108154e-02
-6.419197469949722290e-02
8.883322775363922119e-02
4.752693697810173035e-03
