-1.103786751627922058e-01
1.190480217337608337e-01
-1.249772310256958008e-02
-7.863977551460266113e-02
-7.040736079216003418e-02
7.630170881748199463e-02
-4.544833675026893616e-03
-1.031446382403373718e-01
2.161584794521331787e-01
-1.042812019586563110e-01
1.731465160846710205e-01
1.555716991424560547e-02
-2.458745241165161133e-01
-2.420914918184280396e-02
-2.600323408842086792e-03
6.760856509208679199e-02
-1.835646182298660278e-01
-7.657773047685623169e-02
-7.654737681150436401e-02
-5.324808880686759949e-03
7.763396948575973511e-02
7.894523441791534424e-02
-5.098617449402809143e-02
1.451797783374786377e-01
-1.819687485694885254e-01
-3.279269039630889893e-01
-6.348657608032226562e-02
-5.763019993901252747e-02
6.142857670783996582e-02
-1.399597525596618652e-01
-7.214377075433731079e-02
3.406880795955657959e-02
-1.308994293212890625e-01
1.323706656694412231e-02
-1.996251568198204041e-02
4.974599182605743408e-02
-5.281656235456466675e-02
-4.838034510612487793e-02
2.095630317926406860e-01
7.348226010799407959e-02
-1.624229103326797485e-01
1.989920437335968018e-02
-3.911413997411727905e-02
3.254311978816986084e-01
2.402563989162445068e-01
-7.299774140119552612e-02
2.158261090517044067e-02
-8.351583778858184814e-02
2.024509459733963013e-01
-3.108015656471252441e-01
6.619174778461456299e-02
1.753777116537094116e-01
9.781141579151153564e-02
7.293030619621276855e-02
6.129713356494903564e-02
-1.623119711875915527e-01
-8.874785900115966797e-02
1.566498875617980957e-01
-2.090477049350738525e-01
1.359497159719467163e-01
3.202090784907341003e-02
-1.060047745704650879e-01
3.614568337798118591e-02
-4.000742733478546143e-02
4.929552227258682251e-02
7.579486072063446045e-02
-1.019415110349655151e-01
-1.536458879709243774e-01
1.184217929840087891e-01
-2.032286226749420166e-01
-4.445487633347511292e-03
3.823973610997200012e-02
-7.152917981147766113e-02
-2.705208659172058105e-01
-2.431642115116119385e-01
7.456452399492263794e-02
3.433262705802917480e-01
2.729569375514984131e-01
-1.727200001478195190e-01
2.832838520407676697e-02
-1.410352140665054321e-01
-1.073404550552368164e-01
7.643434405326843262e-02
8.910000324249267578e-04
-4.463842511177062988e-02
-3.925602883100509644e-02
-9.931550174951553345e-02
1.349228322505950928e-01
2.439108341932296753e-01
1.349707506597042084e-02
4.643363505601882935e-02
3.455333411693572998e-01
4.294335842132568359e-02
-9.622259065508842468e-03
1.869588717818260193e-02
5.599448829889297485e-02
-1.633181720972061157e-01
2.995281107723712921e-02
-1.144467592239379883e-01
2.541338838636875153e-02
-3.054147027432918549e-02
-1.108561158180236816e-01
1.041331887245178223e-01
1.050307154655456543e-01
-2.459223568439483643e-01
2.845012247562408447e-01
3.792551159858703613e-02
-1.794001087546348572e-02
-3.240367397665977478e-03
-3.402850776910781860e-02
-1.900040656328201294e-01
5.863714963197708130e-03
2.070220410823822021e-01
-2.434869706630706787e-01
1.512439996004104614e-01
1.281309425830841064e-01
1.400721818208694458e-01
1.875230520963668823e-01
3.793056681752204895e-02
3.811711445450782776e-03
2.736329659819602966e-02
-7.213367521762847900e-02
-1.137325391173362732e-01
-1.132918894290924072e-02
6.974434852600097656e-02
-1.329145394265651703e-02
2.574425190687179565e-02
2.802725881338119507e-02
