-7.159374654293060303e-04
5.260784551501274109e-02
-2.145031467080116272e-02
-5.642423778772354126e-02
-8.633634448051452637e-02
8.445560932159423828e-03
-1.406804658472537994e-03
-7.690908014774322510e-02
2.486032545566558838e-01
-1.219159141182899475e-01
1.688107103109359741e-01
-6.666405126452445984e-03
-2.158610820770263672e-01
9.657730162143707275e-02
-1.106232330203056335e-01
2.059682011604309082e-01
-1.608979552984237671e-01
-1.337345987558364868e-01
-6.523089855909347534e-02
-5.854637548327445984e-02
1.144924759864807129e-01
1.175065152347087860e-02
2.977580949664115906e-02
1.886490583419799805e-01
-1.210665255784988403e-01
-2.889759540557861328e-01
-6.612448394298553467e-02
-7.868354022502899170e-02
-5.126953870058059692e-02
-8.122509717941284180e-02
-1.691716723144054413e-02
1.233148127794265747e-01
-1.427779942750930786e-01
5.251882597804069519e-02
-6.109882146120071411e-03
-2.747937664389610291e-02
-3.682992234826087952e-02
-1.518172025680541992e-01
2.108869999647140503e-01
8.836425840854644775e-02
-2.589179277420043945e-01
-1.043483801186084747e-02
8.876232057809829712e-02
2.930695116519927979e-01
2.268431186676025391e-01
-2.183450013399124146e-02
1.645742729306221008e-02
-7.187476754188537598e-02
1.045363843441009521e-01
-3.079941272735595703e-01
3.454954549670219421e-02
1.480760574340820312e-01
6.900136172771453857e-02
2.852791175246238708e-02
5.950610712170600891e-02
-1.600222140550613403e-01
6.567120552062988281e-03
1.230633780360221863e-01
-2.011501640081405640e-01
3.096886351704597473e-02
4.194298014044761658e-02
-4.699521139264106750e-02
-2.509018406271934509e-02
-1.263117492198944092e-01
1.950027793645858765e-01
1.750999540090560913e-01
-1.498022228479385376e-01
-8.331721276044845581e-02
1.481354236602783203e-01
-1.509606838226318359e-01
-4.125151038169860840e-02
8.703029900789260864e-02
-1.886801719665527344e-01
-2.737146019935607910e-01
-2.268571257591247559e-01
-8.314428851008415222e-04
4.855999648571014404e-01
2.295583933591842651e-01
-7.055287063121795654e-02
5.528344586491584778e-02
-5.698678269982337952e-02
1.029930077493190765e-02
4.981564730405807495e-02
1.328362226486206055e-01
-3.835751116275787354e-02
-5.215707793831825256e-02
-7.257893681526184082e-02
1.177902892231941223e-01
1.484281122684478760e-01
-5.512335337698459625e-03
-8.087506145238876343e-02
2.447655498981475830e-01
-4.002350941300392151e-02
-7.134360074996948242e-02
-7.037026435136795044e-02
1.085093468427658081e-01
-1.280095428228378296e-01
6.186046451330184937e-02
-1.491127610206604004e-01
-4.788281396031379700e-02
-4.101782664656639099e-02
4.454798996448516846e-02
2.363332733511924744e-02
1.136107742786407471e-01
-1.890306770801544189e-01
9.503243118524551392e-02
-2.601240389049053192e-02
-3.940184414386749268e-02
5.729761905968189240e-03
4.301243275403976440e-02
-1.134198084473609924e-01
-9.128855541348457336e-03
7.696659117937088013e-02
-2.266227900981903076e-01
7.239912450313568115e-02
1.015570983290672302e-01
6.678298115730285645e-02
1.231007054448127747e-01
-3.119146451354026794e-03
7.703246176242828369e-02
1.338755339384078979e-02
-1.168801411986351013e-01
-2.243764847517013550e-01
-2.752617001533508301e-04
9.989093244075775146e-02
-5.465396679937839508e-04
7.608079910278320312e-02
-3.684319555759429932e-03
