-5.103986710309982300e-02
6.237723678350448608e-02
7.305473089218139648e-03
-7.251344621181488037e-02
-1.446782648563385010e-01
7.552076131105422974e-02
-4.987789690494537354e-02
-1.006545275449752808e-01
1.871114671230316162e-01
-1.978741437196731567e-01
1.965162754058837891e-01
3.305189311504364014e-04
-2.367668002843856812e-01
8.931405097246170044e-02
-6.967690587043762207e-02
2.255162447690963745e-01
-1.225156188011169434e-01
-1.626280993223190308e-01
-1.143063977360725403e-01
-1.916562952101230621e-02
-4.938638955354690552e-02
7.184434682130813599e-02
-1.646798662841320038e-02
5.886485427618026733e-02
-1.005752235651016235e-01
-3.530718386173248291e-01
1.830283552408218384e-02
-1.944978907704353333e-02
-6.357933580875396729e-02
-3.895033150911331177e-02
-3.716718405485153198e-02
1.126603558659553528e-01
-1.105272099375724792e-01
9.539511799812316895e-02
6.980793923139572144e-02
8.369621634483337402e-02
-1.158752366900444031e-01
-8.136661350727081299e-02
2.516970336437225342e-01
6.955136358737945557e-02
-2.716317474842071533e-01
-8.421208709478378296e-03
5.160988867282867432e-02
2.112928032875061035e-01
2.041930109262466431e-01
-2.534409984946250916e-02
2.457528188824653625e-02
-1.016135662794113159e-01
1.215789243578910828e-01
-3.407543003559112549e-01
4.020887613296508789e-02
1.423639655113220215e-01
7.111925631761550903e-02
5.294286459684371948e-02
7.536467909812927246e-02
-1.402790546417236328e-01
-5.362822860479354858e-02
1.669355332851409912e-01
-1.351262927055358887e-01
1.273462362587451935e-02
4.009541124105453491e-02
-6.635867059230804443e-02
-8.996177464723587036e-02
-1.217395737767219543e-01
2.253374159336090088e-01
1.739180237054824829e-01
-1.399062871932983398e-01
-1.562208235263824463e-01
2.200059592723846436e-01
-1.705376207828521729e-01
-1.177037134766578674e-01
4.433624818921089172e-02
-6.192477792501449585e-02
-2.499149888753890991e-01
-1.486381143331527710e-01
2.655155211687088013e-02
2.707560658454895020e-01
1.963048875331878662e-01
-1.553786844015121460e-01
2.875457890331745148e-02
2.852997928857803345e-02
-2.465891093015670776e-02
2.892327308654785156e-02
1.109878495335578918e-01
-1.076175644993782043e-02
-8.518094569444656372e-02
1.685096882283687592e-03
-4.516563564538955688e-02
2.376834005117416382e-01
-1.294646598398685455e-02
1.352937147021293640e-02
3.068528175354003906e-01
-1.542113721370697021e-02
-4.769609123468399048e-02
-3.313103690743446350e-03
5.927183479070663452e-02
-8.140954375267028809e-02
3.746900707483291626e-02
-1.325841844081878662e-01
-5.741667747497558594e-02
5.710401758551597595e-02
-3.671737760305404663e-02
4.147206246852874756e-02
1.295709609985351562e-01
-2.221807986497879028e-01
1.820778697729110718e-01
-1.515399515628814697e-01
3.641132265329360962e-02
1.546340882778167725e-01
3.101715445518493652e-02
-4.398439079523086548e-02
-7.517319917678833008e-02
1.517546474933624268e-01
-2.335356920957565308e-01
1.457102894783020020e-01
1.234869807958602905e-01
1.913774572312831879e-02
1.232980191707611084e-01
8.227352052927017212e-02
8.624660968780517578e-02
8.258324861526489258e-02
-2.066322416067123413e-02
-2.761619687080383301e-01
-1.005595102906227112e-01
7.171596586704254150e-02
-5.456861481070518494e-02
-6.262730807065963745e-02
4.136608913540840149e-02
