-7.326015084981918335e-02
1.645319163799285889e-01
7.197903096675872803e-02
-4.431924968957901001e-02
-2.779451012611389160e-02
7.459189742803573608e-03
-3.822343796491622925e-02
-8.581138402223587036e-02
2.001609355211257935e-01
-5.382140353322029114e-02
2.198130339384078979e-01
-1.026002503931522369e-02
-3.175550699234008789e-01
-1.143066585063934326e-01
7.527433335781097412e-04
9.671047329902648926e-02
-1.149129569530487061e-01
-1.395119279623031616e-01
-1.322747468948364258e-01
-6.733021885156631470e-02
1.317372918128967285e-01
6.184621155261993408e-02
2.544829994440078735e-02
7.605070620775222778e-02
-1.382747292518615723e-01
-3.493214845657348633e-01
-1.624564453959465027e-02
-1.279180794954299927e-01
3.752750158309936523e-02
-1.680039167404174805e-01
-8.386107534170150757e-02
-2.802980504930019379e-02
-1.851260662078857422e-01
-1.108479425311088562e-01
-6.649702787399291992e-03
2.645827829837799072e-02
-6.818094849586486816e-02
-4.440706968307495117e-02
1.611486226320266724e-01
1.111809164285659790e-02
-2.186129987239837646e-01
1.229196041822433472e-02
8.764568716287612915e-03
2.341798692941665649e-01
2.337032854557037354e-01
7.675479352474212646e-02
-1.667617633938789368e-02
-1.189260184764862061e-01
1.261757016181945801e-01
-3.107364773750305176e-01
8.587336540222167969e-02
1.591314822435379028e-01
2.032983303070068359e-01
2.130068652331829071e-02
2.056656926870346069e-01
-1.417253613471984863e-01
-8.644635975360870361e-02
1.080089211463928223e-01
-2.015167474746704102e-01
1.068819835782051086e-01
-2.563796937465667725e-03
-5.955573171377182007e-02
-1.359438337385654449e-02
-1.407281458377838135e-01
1.050690859556198120e-01
2.825307101011276245e-02
-1.257458329200744629e-01
-3.531778976321220398e-02
1.225994527339935303e-01
-1.769927591085433960e-01
-7.139179110527038574e-02
1.497265398502349854e-01
-2.859789133071899414e-02
-2.532053589820861816e-01
-3.116464018821716309e-01
3.041353821754455566e-02
3.641945719718933105e-01
2.202718853950500488e-01
-2.424227148294448853e-01
-4.172475636005401611e-02
-4.067479446530342102e-02
-4.792565852403640747e-02
3.451358899474143982e-02
1.477627456188201904e-02
-1.132621988654136658e-01
1.261718571186065674e-02
-7.753176242113113403e-02
3.763043135404586792e-02
1.856929212808609009e-01
-1.208658516407012939e-02
-1.723622344434261322e-02
3.010218143463134766e-01
-1.712539605796337128e-02
6.363230198621749878e-02
-1.721173524856567383e-03
4.872955009341239929e-02
-1.123994439840316772e-01
-3.553437441587448120e-02
-1.611269712448120117e-01
-4.681833460927009583e-02
4.446309059858322144e-02
-6.208895146846771240e-02
-3.179684281349182129e-03
6.765155494213104248e-02
-1.776526123285293579e-01
6.501402705907821655e-02
1.509435474872589111e-03
-6.282866001129150391e-02
-1.791911385953426361e-02
-9.121889248490333557e-03
-1.594911813735961914e-01
-3.458349779248237610e-02
1.783423721790313721e-01
-2.616916894912719727e-01
1.585381627082824707e-01
2.166742682456970215e-01
5.151668190956115723e-02
8.532260358333587646e-02
5.950186774134635925e-02
-4.128403961658477783e-02
3.221123293042182922e-02
-1.131465956568717957e-01
-1.470660865306854248e-01
-1.042695939540863037e-01
1.404426097869873047e-01
-5.796424672007560730e-02
5.594893917441368103e-02
-2.520420588552951813e-02
