-5.831889063119888306e-02
1.198985278606414795e-01
1.031961292028427124e-01
1.597515307366847992e-02
-8.873928338289260864e-02
1.273392699658870697e-04
-6.259496510028839111e-02
-1.042853891849517822e-01
1.559597253799438477e-01
-1.316000372171401978e-01
2.558479607105255127e-01
-2.882382459938526154e-02
-1.817498207092285156e-01
-1.603138744831085205e-01
-3.193841874599456787e-02
1.485869288444519043e-01
-1.667670756578445435e-01
-9.775951504707336426e-02
-2.037557028234004974e-02
-2.040991559624671936e-03
1.255624890327453613e-01
-4.998186230659484863e-02
3.172243759036064148e-02
5.592972785234451294e-02
-1.064387559890747070e-01
-4.072190523147583008e-01
-9.630335122346878052e-02
-7.018638402223587036e-02
1.056194454431533813e-01
-6.124427542090415955e-02
-6.382093578577041626e-02
-1.608162745833396912e-02
-1.985342949628829956e-01
-5.236252024769783020e-02
-4.801636934280395508e-02
9.054015576839447021e-02
-3.369493409991264343e-02
-4.607807099819183350e-02
1.107525825500488281e-01
-4.812160506844520569e-02
-2.019178718328475952e-01
2.282999083399772644e-02
-9.583380073308944702e-03
1.871497631072998047e-01
1.774899661540985107e-01
9.047460556030273438e-02
7.847221195697784424e-02
-1.147494614124298096e-01
1.062590032815933228e-01
-2.548998892307281494e-01
7.574802637100219727e-02
1.441053599119186401e-01
4.811511933803558350e-02
3.957359865307807922e-02
6.975714862346649170e-02
-1.159897893667221069e-01
-3.545858338475227356e-02
1.138085052371025085e-01
-1.389985680580139160e-01
5.678964778780937195e-02
4.261093586683273315e-02
-1.564949750900268555e-02
-3.317450731992721558e-02
-5.541663616895675659e-02
1.639499962329864502e-01
1.087738275527954102e-01
-9.758143126964569092e-02
-1.685904115438461304e-01
9.376160800457000732e-02
-2.199126780033111572e-01
-3.785733878612518311e-02
9.213411062955856323e-02
-8.115081489086151123e-02
-1.872427016496658325e-01
-3.399352729320526123e-01
4.778662696480751038e-02
4.450707733631134033e-01
1.876520216464996338e-01
-1.513176560401916504e-01
5.818966776132583618e-03
-8.345898985862731934e-02
1.322698593139648438e-02
1.470315754413604736e-01
8.976033329963684082e-02
-1.116475462913513184e-02
1.361248642206192017e-02
-1.414806097745895386e-01
4.895707964897155762e-02
1.650869846343994141e-01
-6.466336548328399658e-02
-6.358722224831581116e-03
2.447954267263412476e-01
8.839972317218780518e-03
1.010909155011177063e-01
-4.265822470188140869e-02
4.045125097036361694e-02
-8.906876295804977417e-02
5.039227008819580078e-02
-1.166294440627098083e-01
-2.719507366418838501e-02
7.463221997022628784e-02
5.621338635683059692e-02
7.040727883577346802e-03
5.407810583710670471e-02
-1.389523297548294067e-01
1.106051802635192871e-01
-2.273736521601676941e-02
1.699742302298545837e-02
5.777671560645103455e-02
-2.321158908307552338e-02
-1.698344498872756958e-01
-4.659181088209152222e-02
1.294762045145034790e-01
-2.371918112039566040e-01
1.694748699665069580e-01
1.959988176822662354e-01
4.863004386425018311e-02
1.234071180224418640e-01
1.482098847627639771e-01
5.530186742544174194e-02
2.847867086529731750e-02
-1.226888895034790039e-01
-1.514866203069686890e-01
-1.853048056364059448e-02
5.900312960147857666e-02
-7.088188081979751587e-02
2.631820552051067352e-02
-4.878585040569305420e-02
