-7.754260301589965820e-02
1.432691812515258789e-01
4.431669041514396667e-02
-5.119869112968444824e-02
-8.606942743062973022e-02
-3.285194281488656998e-03
-5.338128283619880676e-02
-1.198048144578933716e-01
1.194420903921127319e-01
-1.180800050497055054e-01
3.187435269355773926e-01
-6.360728293657302856e-04
-2.359146028757095337e-01
-1.083771884441375732e-01
-5.027788504958152771e-02
2.011577785015106201e-01
-1.461511254310607910e-01
-9.184297919273376465e-02
-2.930299006402492523e-02
2.854332327842712402e-03
1.119425445795059204e-01
-2.581183984875679016e-02
7.317618280649185181e-02
3.771492093801498413e-02
-3.781706467270851135e-02
-2.718310058116912842e-01
-1.001926586031913757e-01
-4.448846355080604553e-02
-1.364368945360183716e-03
-8.403015881776809692e-02
-8.085861802101135254e-02
-6.870576739311218262e-02
-2.398523092269897461e-01
-5.260913819074630737e-02
-4.617759212851524353e-02
4.944420978426933289e-02
-5.550690740346908569e-02
-6.207231059670448303e-02
1.783871054649353027e-01
-9.921457618474960327e-03
-1.726693809032440186e-01
2.370994538068771362e-02
1.667514070868492126e-02
2.036035954952239990e-01
1.567491590976715088e-01
6.154194474220275879e-02
2.691077068448066711e-02
-1.317549049854278564e-01
5.634952336549758911e-02
-2.079129517078399658e-01
7.609721273183822632e-02
1.215130835771560669e-01
1.394296139478683472e-01
1.206208392977714539e-02
-5.572732537984848022e-02
-9.791606664657592773e-02
2.772429585456848145e-02
1.326913088560104370e-01
-1.144973486661911011e-01
2.053193002939224243e-02
1.381618976593017578e-01
-5.887028202414512634e-02
-1.081209406256675720e-01
-7.192081958055496216e-02
2.680768072605133057e-01
1.264289319515228271e-01
-1.558941602706909180e-01
-1.829316616058349609e-01
8.598590642213821411e-02
-9.929446130990982056e-02
-1.087823063135147095e-01
6.667373329401016235e-02
-1.399645209312438965e-01
-1.903743147850036621e-01
-2.913159430027008057e-01
6.700534373521804810e-02
3.743541836738586426e-01
7.565543055534362793e-02
-2.081728279590606689e-01
-4.418540745973587036e-03
-9.244716167449951172e-02
5.880335345864295959e-02
1.258252710103988647e-01
1.192697957158088684e-01
7.496302947402000427e-03
-3.457826375961303711e-02
-1.606362611055374146e-01
1.637909561395645142e-02
1.786350309848785400e-01
-1.325961351394653320e-01
-3.702057898044586182e-02
2.173531949520111084e-01
1.086680963635444641e-02
9.368292987346649170e-02
-4.073211550712585449e-02
8.902662247419357300e-02
-1.861066371202468872e-02
8.753062784671783447e-02
-8.576466888189315796e-02
5.318553373217582703e-02
6.817907840013504028e-02
-1.545213721692562103e-02
-6.080440431833267212e-02
9.172596037387847900e-02
-1.334167122840881348e-01
8.916536718606948853e-02
-2.942221611738204956e-02
2.765477821230888367e-02
7.375960052013397217e-02
-5.804220214486122131e-02
-1.317594647407531738e-01
-9.536762535572052002e-02
8.010017126798629761e-02
-2.444485127925872803e-01
2.123856842517852783e-01
1.938562542200088501e-01
-5.795975215733051300e-03
7.471913844347000122e-02
1.412724852561950684e-01
1.483519077301025391e-01
3.336508199572563171e-02
-3.612567484378814697e-02
-2.689480781555175781e-01
-4.873042181134223938e-02
1.060742214322090149e-01
-4.858662560582160950e-02
6.218258291482925415e-02
-8.727361448109149933e-03
