-1.487763822078704834e-01
1.122440248727798462e-01
1.172070503234863281e-01
-9.257496148347854614e-02
-1.707759946584701538e-01
-3.034005500376224518e-02
-1.100224107503890991e-01
-5.622368305921554565e-02
8.883665502071380615e-02
-1.168330535292625427e-01
2.225733995437622070e-01
-6.838166713714599609e-02
-2.959186732769012451e-01
-1.361156255006790161e-02
-6.120859086513519287e-02
2.427566051483154297e-01
-1.023184657096862793e-01
-1.213843896985054016e-01
-7.826002314686775208e-03
1.397004630416631699e-02
1.010027676820755005e-01
4.706991836428642273e-02
4.714909940958023071e-03
-1.851055771112442017e-02
-1.239109709858894348e-01
-3.874226510524749756e-01
-5.693438649177551270e-02
-2.292763441801071167e-03
-8.401098102331161499e-02
-7.033804804086685181e-02
-3.268974833190441132e-03
4.986687377095222473e-02
-2.067421823740005493e-01
-7.463922724127769470e-03
1.872289180755615234e-02
1.414083987474441528e-01
-4.830609261989593506e-02
-9.240826964378356934e-02
1.356171667575836182e-01
2.968946471810340881e-02
-3.649670481681823730e-01
-1.276772841811180115e-02
1.236087307333946228e-01
2.118305563926696777e-01
1.811654716730117798e-01
-1.349431835114955902e-02
-2.346419729292392731e-03
-1.097908243536949158e-01
8.905994892120361328e-02
-2.785322964191436768e-01
4.760343581438064575e-02
9.524390101432800293e-02
-3.178816288709640503e-03
8.029744029045104980e-02
1.648509874939918518e-02
-1.155925542116165161e-01
9.830631315708160400e-02
1.707283258438110352e-01
-2.331032603979110718e-01
-3.435250371694564819e-02
1.395374834537506104e-01
-9.850341081619262695e-02
-3.576642274856567383e-02
-4.729616641998291016e-02
2.150158733129501343e-01
1.294669955968856812e-01
-1.196202784776687622e-01
-2.207791656255722046e-01
1.487253010272979736e-01
-1.580912321805953979e-01
-7.345316559076309204e-02
1.577226519584655762e-01
-9.763790667057037354e-02
-2.055787444114685059e-01
-3.271386921405792236e-01
4.194282740354537964e-02
3.350390791893005371e-01
1.426848620176315308e-01
-1.591933667659759521e-01
1.132338680326938629e-02
1.638879999518394470e-03
-2.457495778799057007e-03
1.404955089092254639e-01
1.523147672414779663e-01
8.089326322078704834e-02
1.672524213790893555e-02
-1.114085167646408081e-01
-1.976671069860458374e-02
2.578067779541015625e-01
-4.268608242273330688e-02
-2.218737080693244934e-02
3.043432533740997314e-01
6.301511079072952271e-02
5.551588907837867737e-02
2.943539991974830627e-02
1.382222026586532593e-01
-1.071737408638000488e-01
-1.469174027442932129e-02
-2.007834464311599731e-01
-6.480918824672698975e-02
2.261810936033725739e-02
-2.405014075338840485e-02
-6.180458515882492065e-02
1.547759026288986206e-01
-1.619267165660858154e-01
1.734242588281631470e-01
-2.737386338412761688e-02
1.960081979632377625e-02
-1.172172464430332184e-02
-6.116715446114540100e-02
-1.047259382903575897e-02
-5.035367235541343689e-02
7.961095869541168213e-02
-1.998248696327209473e-01
1.736952364444732666e-01
1.704997271299362183e-01
8.469931036233901978e-02
8.829833567142486572e-02
1.634405106306076050e-01
8.532398380339145660e-03
2.850699424743652344e-02
-1.186884567141532898e-01
-2.340827286243438721e-01
-4.490277916193008423e-02
7.013504952192306519e-02
-7.814703881740570068e-02
4.525780305266380310e-02
2.190286666154861450e-02
