-1.195982769131660461e-01
9.463542699813842773e-02
9.428120404481887817e-02
-1.134129166603088379e-01
-8.853866159915924072e-02
9.647914767265319824e-02
-6.035284698009490967e-02
-4.094767570495605469e-02
1.269729733467102051e-01
-1.315687596797943115e-01
1.427137553691864014e-01
-5.279307812452316284e-02
-1.487188190221786499e-01
2.096038311719894409e-02
1.592324674129486084e-02
1.766722053289413452e-01
-1.700170934200286865e-01
-9.855296462774276733e-02
-6.467531621456146240e-02
-7.158630341291427612e-02
5.274976044893264771e-02
4.974635317921638489e-02
-2.920293062925338745e-02
4.797775298357009888e-02
-2.496503591537475586e-01
-3.046352565288543701e-01
-7.044407725334167480e-02
-5.980489030480384827e-02
-4.108722135424613953e-02
-3.226446732878684998e-02
-9.825965762138366699e-02
4.137011617422103882e-02
-1.851663291454315186e-01
-7.919520139694213867e-03
1.208842918276786804e-02
2.957260608673095703e-02
-7.467100024223327637e-02
-5.755739659070968628e-02
1.669376343488693237e-01
1.011424809694290161e-01
-1.632472127676010132e-01
7.810848206281661987e-02
3.073335066437721252e-02
2.786434292793273926e-01
2.128489464521408081e-01
1.330377161502838135e-02
-1.610187441110610962e-02
-1.462046056985855103e-03
1.578725576400756836e-01
-3.189305663108825684e-01
6.586045771837234497e-02
9.294604510068893433e-02
4.937493428587913513e-02
8.272567391395568848e-02
4.891885071992874146e-02
-5.005773901939392090e-02
3.471735864877700806e-03
1.062167435884475708e-01
-1.817069202661514282e-01
1.017070114612579346e-01
6.163565814495086670e-02
-1.104827597737312317e-01
-3.771597146987915039e-02
-1.033159047365188599e-01
1.589060425758361816e-01
1.462263017892837524e-01
-1.367368847131729126e-01
-1.537805199623107910e-01
9.417794644832611084e-02
-6.314443796873092651e-02
-5.922089517116546631e-02
3.736475855112075806e-02
-1.136488616466522217e-01
-1.951459944248199463e-01
-3.212572038173675537e-01
9.886270761489868164e-02
3.859275281429290771e-01
2.230749428272247314e-01
-1.978487372398376465e-01
-4.548207670450210571e-02
-3.598024696111679077e-02
-8.731869980692863464e-03
1.297393590211868286e-01
8.704873919486999512e-02
-3.127108514308929443e-02
-3.589771687984466553e-02
3.718189895153045654e-03
8.150707185268402100e-02
2.178206443786621094e-01
-8.719604462385177612e-03
-9.621309489011764526e-02
3.004632592201232910e-01
3.687301650643348694e-02
5.682928487658500671e-02
-2.821899019181728363e-02
7.653927803039550781e-02
-9.002110362052917480e-02
-2.664848044514656067e-02
-1.521280705928802490e-01
2.451740205287933350e-02
2.402298897504806519e-02
7.940532639622688293e-03
1.546043902635574341e-02
1.945515871047973633e-01
-1.723008155822753906e-01
2.183090299367904663e-01
-2.755151502788066864e-02
-6.440220400691032410e-03
-3.239307180047035217e-02
5.177712440490722656e-02
-1.948223114013671875e-01
-1.481676101684570312e-02
8.738996833562850952e-02
-2.338398694992065430e-01
4.006954282522201538e-02
2.012552767992019653e-01
6.375972181558609009e-02
7.500748336315155029e-02
1.292253732681274414e-01
-4.864896088838577271e-02
4.305811598896980286e-02
3.500588983297348022e-02
-2.012249529361724854e-01
-7.099243998527526855e-02
1.527581065893173218e-01
3.328886814415454865e-03
4.927182942628860474e-02
6.043739616870880127e-02
