-1.062966138124465942e-01
-9.228747338056564331e-03
4.205850884318351746e-02
7.855817675590515137e-04
-1.109210923314094543e-01
-4.551705718040466309e-02
1.410010159015655518e-01
7.934514433145523071e-03
6.572513282299041748e-02
-1.707041822373867035e-02
1.292466074228286743e-01
-1.092673838138580322e-01
-3.244694769382476807e-01
1.178308576345443726e-02
-1.008922904729843140e-01
8.120018243789672852e-02
7.935630157589912415e-03
-9.387833625078201294e-02
-1.670516282320022583e-01
-1.613837629556655884e-01
4.613079875707626343e-02
1.018591821193695068e-01
6.726972758769989014e-03
-4.755984991788864136e-03
-1.547199934720993042e-01
-2.424669563770294189e-01
-6.116452068090438843e-02
-1.229406967759132385e-01
2.299582399427890778e-02
-5.482011660933494568e-02
3.635005652904510498e-02
7.589682191610336304e-02
-2.171839326620101929e-01
-7.323996722698211670e-02
2.873115986585617065e-02
4.437766224145889282e-02
-1.004807725548744202e-01
-1.111411452293395996e-01
1.733263731002807617e-01
-4.780950024724006653e-03
-1.225326806306838989e-01
-2.380896359682083130e-03
9.072970598936080933e-02
2.569781243801116943e-01
1.231390386819839478e-01
-1.782807707786560059e-02
1.822416670620441437e-02
-2.002684213221073151e-02
9.455072879791259766e-02
-3.079352676868438721e-01
5.875195190310478210e-02
1.022370606660842896e-01
6.905341893434524536e-02
1.241267472505569458e-01
1.388460993766784668e-01
-1.202320232987403870e-01
5.141899362206459045e-02
1.660294234752655029e-01
-1.244698911905288696e-01
1.193430572748184204e-01
1.375177782028913498e-02
-5.094372481107711792e-02
-2.460910379886627197e-02
-1.359513252973556519e-01
1.060292497277259827e-01
4.077739641070365906e-02
-4.849748313426971436e-02
-1.257786601781845093e-01
1.789873987436294556e-01
-2.509535551071166992e-01
-5.782456696033477783e-02
9.839171171188354492e-02
-5.290050804615020752e-02
-1.033038049936294556e-01
-2.701285183429718018e-01
7.079507410526275635e-02
3.627113103866577148e-01
2.126711905002593994e-01
-1.053751111030578613e-01
4.894611611962318420e-02
-6.876075267791748047e-02
6.084858626127243042e-02
7.365623116493225098e-02
-6.101284921169281006e-02
-8.463563770055770874e-02
-1.219421625137329102e-02
-1.197898089885711670e-01
-2.700367569923400879e-02
2.584474980831146240e-01
-3.352757543325424194e-02
-1.065229475498199463e-01
1.600252985954284668e-01
-1.268788427114486694e-02
-3.057696297764778137e-02
8.880329877138137817e-02
-3.481959551572799683e-02
-1.284725219011306763e-01
-8.471400290727615356e-02
-6.949704140424728394e-02
2.905992791056632996e-02
4.833067953586578369e-02
-2.487266808748245239e-01
-4.301645606756210327e-02
7.392163574695587158e-02
-1.646266132593154907e-01
1.420528441667556763e-01
-8.111147582530975342e-02
-1.059213094413280487e-02
-5.302134156227111816e-02
1.565148308873176575e-02
-1.429903656244277954e-01
1.191998198628425598e-01
1.588364392518997192e-01
-2.251143306493759155e-01
2.737712860107421875e-01
1.259836703538894653e-01
-3.946271166205406189e-02
1.153881847858428955e-01
9.736143052577972412e-02
3.750307112932205200e-02
-6.605802476406097412e-02
2.357389405369758606e-02
-1.317120045423507690e-01
-2.070095092058181763e-01
7.183281332254409790e-02
-5.972771439701318741e-03
4.748021811246871948e-02
4.678944498300552368e-02
