-1.797496080398559570e-01
4.678216204047203064e-02
1.335784792900085449e-02
-1.912223920226097107e-02
-9.032008051872253418e-02
-8.953994512557983398e-02
-3.133842349052429199e-02
-6.325626373291015625e-02
7.488936185836791992e-02
3.459005057811737061e-02
1.718368232250213623e-01
-5.116059258580207825e-02
-2.430181950330734253e-01
-6.904880702495574951e-02
3.512435033917427063e-02
9.700349718332290649e-02
-2.224369943141937256e-01
-7.848103344440460205e-02
2.457743138074874878e-02
-7.976421713829040527e-02
1.297768056392669678e-01
7.418051362037658691e-02
1.277344673871994019e-02
1.119390875101089478e-01
-1.027658656239509583e-01
-3.765091300010681152e-01
-6.941687315702438354e-02
-1.136776804924011230e-01
6.726418435573577881e-02
-4.003295674920082092e-02
8.424025028944015503e-02
1.298367083072662354e-01
-1.148793473839759827e-01
4.970292560756206512e-03
6.150022894144058228e-02
1.076356694102287292e-01
-3.274414315819740295e-02
-5.154895037412643433e-02
2.210969626903533936e-01
-4.979718849062919617e-02
-1.475893855094909668e-01
-7.847045361995697021e-02
-7.954612374305725098e-05
3.069674670696258545e-01
1.134442910552024841e-01
5.470772832632064819e-02
-2.522164210677146912e-02
-1.051728054881095886e-02
1.665935665369033813e-01
-2.676210701465606689e-01
1.022673398256301880e-01
2.086422443389892578e-01
9.375767409801483154e-02
4.385745897889137268e-02
5.118871480226516724e-02
-1.080123558640480042e-01
6.715394556522369385e-02
1.200088039040565491e-01
-3.356354832649230957e-01
4.200516641139984131e-02
3.532548993825912476e-02
-1.434662044048309326e-01
-1.760743930935859680e-02
-9.837468713521957397e-02
1.443638652563095093e-01
1.370317339897155762e-01
-9.344398975372314453e-02
-1.016103997826576233e-01
1.501307934522628784e-01
-1.553086787462234497e-01
-8.036776632070541382e-02
5.658403784036636353e-02
-1.261904239654541016e-01
-2.103550434112548828e-01
-2.827324867248535156e-01
4.057972878217697144e-02
2.873367965221405029e-01
1.527331769466400146e-01
-1.815519630908966064e-01
7.946137338876724243e-04
2.454812824726104736e-02
8.673295378684997559e-04
1.222943812608718872e-01
3.314436599612236023e-02
-1.161254346370697021e-01
-4.912772029638290405e-02
-1.502004265785217285e-01
4.246407747268676758e-02
1.128723397850990295e-01
-2.198329754173755646e-02
-6.051313132047653198e-02
2.669836580753326416e-01
3.833530098199844360e-02
5.104140937328338623e-02
8.144604414701461792e-02
7.993304729461669922e-02
-4.892148822546005249e-02
-1.429909467697143555e-02
-1.282569169998168945e-01
-1.028780639171600342e-02
1.529941856861114502e-01
-6.330558657646179199e-02
3.550930321216583252e-02
1.217857450246810913e-01
-1.425944119691848755e-01
1.791267991065979004e-01
4.847716540098190308e-03
2.225781604647636414e-02
-5.044016987085342407e-03
-4.440340772271156311e-02
-1.507533937692642212e-01
-4.511003196239471436e-02
1.437060981988906860e-01
-1.937167942523956299e-01
2.151495963335037231e-01
1.240064352750778198e-01
1.682791672646999359e-02
1.828884184360504150e-01
-1.363546308130025864e-02
4.239805415272712708e-02
-7.239183783531188965e-02
-1.480977237224578857e-01
-1.718573272228240967e-01
-5.538051947951316833e-02
1.489369124174118042e-01
4.148642718791961670e-02
-7.795721292495727539e-03
2.396551892161369324e-02
