-5.912880599498748779e-02
1.663589030504226685e-01
5.472701415419578552e-02
2.183678746223449707e-02
-8.210675418376922607e-02
-2.700662612915039062e-02
3.296310454607009888e-02
-1.678995937108993530e-01
1.157265305519104004e-01
-6.229893863201141357e-02
3.008500039577484131e-01
-6.778013706207275391e-02
-2.432009279727935791e-01
-1.171090453863143921e-01
-4.900671541690826416e-02
1.637364625930786133e-01
-1.914751529693603516e-01
-1.292957961559295654e-01
-6.107353046536445618e-02
1.983806490898132324e-03
8.055829256772994995e-02
-1.591700501739978790e-02
7.559631019830703735e-02
1.845431327819824219e-02
-1.587047055363655090e-02
-3.337431550025939941e-01
-5.219294130802154541e-02
-1.427013874053955078e-01
5.265589058399200439e-02
-5.571298301219940186e-02
-2.484172582626342773e-02
2.146424166858196259e-02
-1.757740825414657593e-01
-8.326249569654464722e-02
1.713242009282112122e-02
4.340628162026405334e-02
-2.714657410979270935e-02
-3.432253748178482056e-02
2.570332288742065430e-01
-8.886784315109252930e-02
-1.834580600261688232e-01
-2.405017241835594177e-02
9.959866106510162354e-02
2.452248334884643555e-01
2.179896831512451172e-01
5.994163081049919128e-02
2.611671760678291321e-02
-1.498791277408599854e-01
1.033297404646873474e-01
-1.367293745279312134e-01
1.112302914261817932e-01
9.663955867290496826e-02
1.265126466751098633e-01
7.151932269334793091e-02
-1.137296296656131744e-02
-1.920955628156661987e-01
2.744611725211143494e-02
7.007399201393127441e-02
-1.551635414361953735e-01
3.773874789476394653e-02
1.501888185739517212e-01
-9.799450635910034180e-02
-2.655374445021152496e-02
5.412690341472625732e-03
2.978846430778503418e-01
1.821303367614746094e-02
-8.568393439054489136e-02
-1.624199002981185913e-01
1.420886367559432983e-01
-1.693494468927383423e-01
-7.804115116596221924e-02
5.165922641754150391e-02
-1.750453114509582520e-01
-1.326101422309875488e-01
-3.220851421356201172e-01
3.505056351423263550e-02
4.185580313205718994e-01
6.003046035766601562e-02
-1.479003280401229858e-01
3.484277427196502686e-02
-4.612112045288085938e-02
-1.164340786635875702e-02
1.358845233917236328e-01
1.594663858413696289e-01
-4.715674743056297302e-02
-4.661902785301208496e-03
-1.474139094352722168e-01
1.073976606130599976e-02
1.950254589319229126e-01
-8.519601076841354370e-02
-7.731859385967254639e-02
2.260012924671173096e-01
-3.337344899773597717e-02
3.006946295499801636e-02
4.709346592426300049e-02
-2.756822854280471802e-03
-1.552394032478332520e-02
7.010474801063537598e-02
-1.550410091876983643e-01
-5.446337163448333740e-04
3.077552840113639832e-02
-6.696286797523498535e-02
-8.019600063562393188e-03
9.661473333835601807e-02
-1.667976379394531250e-01
1.055352576076984406e-02
-4.372492060065269470e-02
7.094101607799530029e-02
2.540194988250732422e-02
-8.834946155548095703e-02
-1.284655928611755371e-01
-7.925622165203094482e-02
1.694485545158386230e-01
-2.119278758764266968e-01
2.238740772008895874e-01
1.371655315160751343e-01
8.351510018110275269e-02
1.038235425949096680e-01
1.233516708016395569e-01
1.104228496551513672e-01
5.712388083338737488e-02
-2.892905473709106445e-02
-2.456941604614257812e-01
3.371728211641311646e-02
1.211069226264953613e-01
-8.598726242780685425e-03
1.203609183430671692e-01
5.179516226053237915e-02
