-1.256980746984481812e-01
1.451569348573684692e-01
7.530710846185684204e-02
-5.753158777952194214e-02
-2.116707712411880493e-01
9.035773575305938721e-02
-1.274946630001068115e-01
-8.656912297010421753e-02
1.511191725730895996e-01
-1.676550358533859253e-01
2.038275301456451416e-01
5.604203790426254272e-02
-1.772461533546447754e-01
-1.977879554033279419e-03
1.976288855075836182e-03
1.329468190670013428e-01
-1.086415722966194153e-01
-6.500329077243804932e-02
-1.850511431694030762e-01
-1.910720765590667725e-01
-7.225558906793594360e-02
8.947028964757919312e-02
4.767917096614837646e-03
4.307612776756286621e-03
-2.023877203464508057e-01
-3.187095522880554199e-01
-4.253790527582168579e-02
-4.575821384787559509e-02
1.308509707450866699e-01
-1.159306317567825317e-01
-2.863642945885658264e-02
-4.807996377348899841e-02
-1.903912425041198730e-01
-2.956874668598175049e-02
3.996577486395835876e-02
9.182939678430557251e-02
-7.848644256591796875e-02
-1.108698546886444092e-03
1.806516051292419434e-01
-1.269557513296604156e-02
-2.062406986951828003e-01
6.269764155149459839e-02
2.341274172067642212e-02
2.638522088527679443e-01
1.649995446205139160e-01
1.834283955395221710e-02
3.072491846978664398e-03
-1.019858866930007935e-01
2.056358754634857178e-01
-2.235883027315139771e-01
1.326854825019836426e-01
1.708692312240600586e-01
1.056270003318786621e-01
6.419554352760314941e-02
1.110595017671585083e-01
-2.026143483817577362e-02
2.855315431952476501e-02
2.406804710626602173e-01
-1.120015755295753479e-01
5.292246118187904358e-03
1.321572363376617432e-01
-7.105775177478790283e-02
-7.835080474615097046e-02
-7.857786118984222412e-02
1.633374094963073730e-01
5.113947391510009766e-02
-1.232498362660408020e-01
-1.354707181453704834e-01
7.617470622062683105e-02
-1.238249838352203369e-01
-5.266309157013893127e-02
6.263747066259384155e-02
-5.242281407117843628e-02
-1.580560952425003052e-01
-3.551986813545227051e-01
1.230213791131973267e-01
4.324449896812438965e-01
2.373683154582977295e-01
-2.099076211452484131e-01
-7.716109976172447205e-03
-4.064458236098289490e-02
-3.307625651359558105e-02
1.060109436511993408e-01
7.920134067535400391e-02
-9.963559359312057495e-02
-8.263608813285827637e-02
1.635351590812206268e-02
9.420520812273025513e-02
2.014961540699005127e-01
-1.255040988326072693e-02
4.274033755064010620e-02
2.226885855197906494e-01
1.134581416845321655e-01
3.731844574213027954e-02
-4.715776070952415466e-02
7.369956374168395996e-02
-1.869927942752838135e-01
-8.768930286169052124e-02
-6.718805432319641113e-02
1.223961077630519867e-02
7.098552584648132324e-02
2.304967679083347321e-02
3.286289423704147339e-02
1.084125787019729614e-01
-2.591463625431060791e-01
3.202781081199645996e-01
5.440685898065567017e-03
-3.985439240932464600e-02
8.057701587677001953e-02
2.563463896512985229e-02
-4.554083943367004395e-02
-7.102783024311065674e-02
1.610586345195770264e-01
-2.668925821781158447e-01
1.543935835361480713e-01
2.087440639734268188e-01
2.650880254805088043e-02
1.516967415809631348e-01
1.310981661081314087e-01
1.070638559758663177e-02
1.450855843722820282e-02
2.258018776774406433e-02
-1.461164802312850952e-01
-1.459378600120544434e-01
7.471108436584472656e-02
-1.619476228952407837e-01
1.792750507593154907e-02
8.911760523915290833e-03
