-3.226818889379501343e-02
8.445552550256252289e-03
1.067916378378868103e-01
-1.011092886328697205e-01
-1.700465083122253418e-01
2.018837817013263702e-02
-5.611046776175498962e-02
-8.882895112037658691e-02
2.201614528894424438e-01
-2.141533195972442627e-01
1.425994038581848145e-01
-2.036291360855102539e-02
-2.081396430730819702e-01
-1.336572691798210144e-02
-5.312531441450119019e-02
2.356384396553039551e-01
-1.582865715026855469e-01
-2.063443958759307861e-01
-1.150932461023330688e-01
-2.037989348173141479e-01
-7.405372709035873413e-02
9.015426784753799438e-02
6.236510351300239563e-02
6.061770021915435791e-02
-1.795881837606430054e-01
-3.200685083866119385e-01
-3.582910448312759399e-02
-7.211831212043762207e-02
-1.113390363752841949e-02
-8.742090314626693726e-02
3.525363653898239136e-02
1.329724788665771484e-01
-1.538044363260269165e-01
4.015187919139862061e-02
4.668918997049331665e-02
1.258282810449600220e-01
-9.949067234992980957e-02
-9.915901720523834229e-02
2.189066708087921143e-01
3.873957693576812744e-02
-2.810349464416503906e-01
5.856479518115520477e-03
1.166335940361022949e-01
1.734657287597656250e-01
1.822044849395751953e-01
3.423823416233062744e-02
1.565304957330226898e-02
-6.192646175622940063e-02
1.897126585245132446e-01
-2.545641362667083740e-01
3.901274874806404114e-02
1.498719900846481323e-01
5.741098523139953613e-02
1.957718655467033386e-02
1.057535707950592041e-01
-1.633528470993041992e-01
-1.715297996997833252e-02
1.599571555852890015e-01
-1.825845390558242798e-01
1.357597671449184418e-02
4.889340698719024658e-02
-1.496433317661285400e-01
-8.134511113166809082e-02
-9.468694031238555908e-02
1.800000220537185669e-01
1.116214692592620850e-01
-1.334576606750488281e-01
-2.117001116275787354e-01
2.259623855352401733e-01
-2.027596086263656616e-01
-1.016300544142723083e-01
1.450175493955612183e-01
-5.676983296871185303e-02
-1.354588419198989868e-01
-2.661728858947753906e-01
-8.311763405799865723e-03
3.645034730434417725e-01
8.327871561050415039e-02
-5.880106985569000244e-02
5.529588833451271057e-02
2.845009975135326385e-02
-4.085171222686767578e-02
-8.127237111330032349e-02
1.707726418972015381e-01
-7.511728256940841675e-02
-1.783467084169387817e-02
-3.027428500354290009e-02
-5.237927287817001343e-02
1.739172041416168213e-01
5.685597658157348633e-03
-2.587325870990753174e-02
2.103963047266006470e-01
-7.124133408069610596e-03
2.625798806548118591e-02
-1.542090624570846558e-02
5.381397902965545654e-02
-1.968643665313720703e-01
2.440953813493251801e-02
-1.154199540615081787e-01
-3.160899877548217773e-02
-3.657240420579910278e-03
-3.481530398130416870e-02
-2.171834558248519897e-02
2.240892127156257629e-02
-1.669969558715820312e-01
2.328987866640090942e-01
-1.210622563958168030e-01
-5.290083959698677063e-02
-4.290045797824859619e-02
3.016864135861396790e-02
-9.342579543590545654e-02
-3.098741173744201660e-03
1.755316853523254395e-01
-3.052965402603149414e-01
1.316174864768981934e-01
1.832213997840881348e-01
6.345076113939285278e-02
1.839816123247146606e-01
1.489496529102325439e-01
7.757283747196197510e-02
2.476299554109573364e-02
-2.248248830437660217e-02
-2.142937332391738892e-01
-1.496075689792633057e-01
4.763960838317871094e-02
-1.525968313217163086e-01
3.886195272207260132e-02
7.943841814994812012e-02
