-4.596943780779838562e-02
4.335960745811462402e-02
6.261822581291198730e-02
1.731315627694129944e-02
-7.747524976730346680e-02
-1.559140160679817200e-02
-3.548144549131393433e-02
-1.529158949851989746e-01
1.236483752727508545e-01
-4.254171997308731079e-02
2.571216523647308350e-01
-2.259191870689392090e-02
-1.845112293958663940e-01
-1.359327137470245361e-01
-2.271233499050140381e-02
1.870218366384506226e-01
-1.267360597848892212e-01
-1.236798614263534546e-01
-3.302836790680885315e-02
-4.465842992067337036e-02
4.883920401334762573e-02
-1.929687336087226868e-02
7.240799069404602051e-02
2.629243582487106323e-02
-7.501341402530670166e-02
-3.286337256431579590e-01
-8.691439777612686157e-02
-5.086080357432365417e-02
1.793495565652847290e-02
-1.607934385538101196e-02
-4.323725402355194092e-02
9.855356067419052124e-02
-2.062849700450897217e-01
-6.588909029960632324e-02
6.609567999839782715e-02
1.194998994469642639e-01
-3.740970417857170105e-02
-6.711723655462265015e-02
2.012006640434265137e-01
-2.779900282621383667e-02
-1.989608705043792725e-01
-1.279135234653949738e-03
7.087911665439605713e-02
2.264511287212371826e-01
1.613197773694992065e-01
9.560915827751159668e-02
2.595124393701553345e-02
-8.164238929748535156e-02
8.009976148605346680e-02
-1.288097947835922241e-01
6.569762527942657471e-02
1.438459455966949463e-01
1.171610429883003235e-01
2.022498846054077148e-02
-2.567483484745025635e-02
-1.705579459667205811e-01
4.541177675127983093e-02
5.102826654911041260e-02
-1.177278459072113037e-01
-1.398929115384817123e-02
6.245272979140281677e-02
-1.275416612625122070e-01
-2.570893988013267517e-02
-5.058192461729049683e-02
2.823709249496459961e-01
7.206533849239349365e-02
-1.050272285938262939e-01
-1.678962409496307373e-01
9.517868608236312866e-02
-1.079355552792549133e-01
-8.702394366264343262e-02
2.959038689732551575e-02
-1.966184526681900024e-01
-1.564911752939224243e-01
-3.569669127464294434e-01
2.791113406419754028e-02
3.828760981559753418e-01
1.441667042672634125e-02
-2.160396277904510498e-01
5.948677286505699158e-02
-9.093637578189373016e-03
3.472527861595153809e-02
1.129871234297752380e-01
1.897580325603485107e-01
-3.267167508602142334e-02
4.515024647116661072e-02
-1.344406604766845703e-01
-4.845474660396575928e-02
2.143334448337554932e-01
-1.002325862646102905e-01
-8.502876758575439453e-02
1.982640922069549561e-01
-3.645536303520202637e-02
6.774190068244934082e-02
2.290010824799537659e-02
1.687676459550857544e-02
-1.355292648077011108e-02
6.948921084403991699e-02
-1.292420923709869385e-01
-2.097641676664352417e-02
9.764215350151062012e-02
-8.657008409500122070e-03
8.984085172414779663e-03
1.000391840934753418e-01
-1.822547316551208496e-01
5.911589413881301880e-02
-2.363465726375579834e-02
4.996343329548835754e-02
5.305215716361999512e-02
-5.135799199342727661e-02
-1.630190312862396240e-01
-1.006711348891258240e-01
1.330988705158233643e-01
-2.497304975986480713e-01
2.208857089281082153e-01
1.874640882015228271e-01
5.020291358232498169e-02
1.216036528348922729e-01
1.619334816932678223e-01
1.205856427550315857e-01
2.473291754722595215e-02
1.462665200233459473e-02
-1.821324825286865234e-01
-2.084694802761077881e-02
1.130562424659729004e-01
-3.247082233428955078e-02
8.947081863880157471e-02
4.449219256639480591e-02
