-1.335466653108596802e-01
9.768202900886535645e-02
1.263251006603240967e-01
-2.749843150377273560e-02
-8.314862847328186035e-02
-7.798594236373901367e-02
-1.140190660953521729e-02
-5.186576396226882935e-02
1.172824278473854065e-01
-7.682417333126068115e-02
2.788005769252777100e-01
-6.917236745357513428e-02
-1.570303142070770264e-01
-5.958751961588859558e-02
-3.877867013216018677e-03
9.230826795101165771e-02
-9.031986445188522339e-02
-6.436666101217269897e-02
-2.125176787376403809e-02
-1.405565068125724792e-03
4.609084874391555786e-02
1.778068020939826965e-03
5.242872983217239380e-02
5.375029891729354858e-02
-7.836867123842239380e-03
-4.025417864322662354e-01
-1.290263235569000244e-01
-1.274886131286621094e-01
3.074207156896591187e-02
-7.481834292411804199e-02
-4.096476733684539795e-02
4.392979666590690613e-02
-1.494596749544143677e-01
-6.182819232344627380e-02
-1.672765240073204041e-02
2.510453388094902039e-02
1.584345102310180664e-02
-4.978151619434356689e-02
1.657485663890838623e-01
-2.243601530790328979e-02
-8.743166178464889526e-02
-3.330326825380325317e-02
9.049475193023681641e-03
3.003602921962738037e-01
1.300078034400939941e-01
3.166250884532928467e-02
2.349240519106388092e-02
2.703616768121719360e-02
8.740448951721191406e-02
-2.326171845197677612e-01
7.600782811641693115e-02
8.217755705118179321e-02
1.703525781631469727e-01
3.239886835217475891e-02
6.036152690649032593e-02
-1.035309880971908569e-01
9.536440670490264893e-02
5.610536411404609680e-02
-2.458310574293136597e-01
7.521042227745056152e-02
9.489261358976364136e-02
-3.232724219560623169e-02
-2.673440054059028625e-02
5.528517067432403564e-04
3.662189245223999023e-01
1.657763123512268066e-01
-1.206613555550575256e-01
-9.982860088348388672e-02
9.088047593832015991e-02
-1.161415651440620422e-01
2.851651608943939209e-02
-2.020590007305145264e-02
-1.777569353580474854e-01
-1.438573151826858521e-01
-2.080323100090026855e-01
1.070638000965118408e-01
3.173953294754028320e-01
1.394830197095870972e-01
-2.021367996931076050e-01
4.316506534814834595e-02
-1.923049688339233398e-01
5.247777700424194336e-02
4.492548853158950806e-02
-1.009998843073844910e-02
-1.044472157955169678e-01
1.956839859485626221e-02
-1.497209668159484863e-01
-1.113108545541763306e-02
1.362228095531463623e-01
-3.760196641087532043e-02
-4.684225097298622131e-02
2.603592574596405029e-01
-1.767007634043693542e-02
1.728365570306777954e-02
4.705994576215744019e-02
-6.707851588726043701e-02
-4.482946172356605530e-02
-3.198793530464172363e-02
-1.068408116698265076e-01
6.308621168136596680e-02
-1.006377115845680237e-02
-1.251113116741180420e-01
-4.030214250087738037e-02
7.188937067985534668e-02
-2.577807903289794922e-01
7.694655656814575195e-02
-4.293140023946762085e-02
1.981990970671176910e-02
1.049425452947616577e-03
1.561483368277549744e-03
-1.797797083854675293e-01
-7.853477448225021362e-02
1.080818101763725281e-01
-2.728087007999420166e-01
1.810314506292343140e-01
1.184622645378112793e-01
8.382858335971832275e-02
1.750117093324661255e-01
5.748796463012695312e-02
4.533353447914123535e-02
1.859151758253574371e-02
-2.403188124299049377e-02
-7.543502748012542725e-02
-1.871921494603157043e-02
1.118954718112945557e-01
-1.828359812498092651e-02
3.793491981923580170e-03
5.773022770881652832e-02
