-1.187318861484527588e-01
5.222206562757492065e-02
4.437904804944992065e-02
2.805308811366558075e-02
-2.747975103557109833e-02
-1.507201883941888809e-02
-8.254693821072578430e-03
-3.086920827627182007e-02
1.170085966587066650e-01
-2.370236814022064209e-02
2.184439301490783691e-01
-6.702946126461029053e-02
-2.571099400520324707e-01
-5.321341007947921753e-02
-1.596642844378948212e-02
1.519321054220199585e-01
-5.267171561717987061e-02
-1.181370764970779419e-01
-1.048318818211555481e-01
-9.114365279674530029e-02
2.525485679507255554e-02
4.383639991283416748e-02
3.149564936757087708e-02
5.193937569856643677e-02
-2.107200771570205688e-01
-3.605449199676513672e-01
-2.356594428420066833e-02
-1.938302218914031982e-01
-8.198563754558563232e-02
-1.274032294750213623e-01
3.312658518552780151e-02
1.066775918006896973e-01
-1.457047015428543091e-01
4.385630600154399872e-03
5.328923836350440979e-02
6.853979825973510742e-02
-1.934557035565376282e-02
8.971256017684936523e-02
2.205352932214736938e-01
9.442447125911712646e-02
-1.998820304870605469e-01
8.681516349315643311e-02
-4.904924333095550537e-02
3.479259610176086426e-01
1.657599061727523804e-01
6.411986052989959717e-02
7.099436596035957336e-03
-5.814707651734352112e-02
1.268109977245330811e-01
-3.391404151916503906e-01
8.397575467824935913e-02
1.285303533077239990e-01
8.695982396602630615e-02
2.763496711850166321e-02
7.207308709621429443e-02
-1.230364888906478882e-01
-6.414301693439483643e-03
9.838137775659561157e-02
-2.985221445560455322e-01
1.433695107698440552e-01
3.089930117130279541e-02
-8.621757477521896362e-02
-4.357305914163589478e-02
-4.598665237426757812e-02
1.607341319322586060e-01
1.308746784925460815e-01
-1.407527625560760498e-01
-2.257520891726016998e-02
1.911970674991607666e-01
-1.517525613307952881e-01
5.544519051909446716e-02
1.260168403387069702e-01
-9.913308918476104736e-02
-2.719198763370513916e-01
-2.451091706752777100e-01
7.260324060916900635e-02
4.238003194332122803e-01
1.250435709953308105e-01
-2.164362668991088867e-01
-6.089987605810165405e-02
-5.658694356679916382e-02
1.970102638006210327e-02
5.799360573291778564e-02
-7.222332060337066650e-04
-5.515386164188385010e-02
-7.503195852041244507e-02
-3.637607395648956299e-02
4.093820229172706604e-02
2.097716629505157471e-01
-1.186447031795978546e-02
-3.811492770910263062e-02
2.634317278861999512e-01
-2.251142822206020355e-02
3.563875705003738403e-02
2.454482391476631165e-02
5.061575025320053101e-02
-6.328982114791870117e-02
-6.937237828969955444e-02
-1.188396662473678589e-01
4.095600917935371399e-03
-8.347166329622268677e-02
-1.348086446523666382e-01
2.932332456111907959e-03
1.713196933269500732e-02
-2.063278257846832275e-01
1.955427080392837524e-01
-1.025067828595638275e-02
-4.401509463787078857e-02
-6.854314357042312622e-02
8.598445355892181396e-02
-8.847610652446746826e-02
2.002462372183799744e-02
1.917057931423187256e-01
-2.674411833286285400e-01
2.546189129352569580e-01
2.067470401525497437e-01
5.059166252613067627e-02
1.299991011619567871e-01
-7.214282639324665070e-03
-1.630177721381187439e-02
-3.120885044336318970e-02
-5.289190262556076050e-02
-1.718107163906097412e-01
-7.960739731788635254e-02
6.149073690176010132e-02
-3.621779382228851318e-02
3.319397568702697754e-03
1.221749186515808105e-02
