-7.567246258258819580e-02
1.162362024188041687e-01
6.725917756557464600e-02
-1.376572549343109131e-01
-1.726725995540618896e-01
8.913572877645492554e-03
-6.201033294200897217e-02
-9.931419044733047485e-02
1.746722608804702759e-01
-1.206803321838378906e-01
1.724505722522735596e-01
-4.233746975660324097e-02
-1.896515786647796631e-01
3.632977604866027832e-04
-1.227282360196113586e-02
2.051829397678375244e-01
-2.882491648197174072e-01
-1.177589744329452515e-01
-2.205848693847656250e-02
-7.526046782732009888e-02
1.157684475183486938e-01
1.701157912611961365e-02
4.708477854728698730e-02
1.327464431524276733e-01
-2.263357043266296387e-01
-3.955144584178924561e-01
-5.830166116356849670e-02
-1.194960474967956543e-01
-4.290302470326423645e-02
-4.566399753093719482e-02
1.030423715710639954e-01
2.322729304432868958e-02
-1.755961030721664429e-01
5.281594023108482361e-02
2.198129892349243164e-03
3.589019924402236938e-02
-8.676130324602127075e-02
-1.513109803199768066e-01
2.029101550579071045e-01
4.436484351754188538e-02
-2.577493488788604736e-01
4.344130307435989380e-02
8.600434660911560059e-02
2.682112455368041992e-01
2.617978751659393311e-01
4.278197884559631348e-02
4.557818174362182617e-02
-2.122201025485992432e-03
2.266813218593597412e-01
-3.151386976242065430e-01
5.452303588390350342e-02
1.642146408557891846e-01
4.298272356390953064e-02
3.538703918457031250e-02
7.267653197050094604e-02
-1.186188310384750366e-01
7.204280793666839600e-02
1.318473517894744873e-01
-2.866525948047637939e-01
1.910901814699172974e-02
9.752689301967620850e-02
-1.403227299451828003e-01
4.350176453590393066e-02
-4.414954036474227905e-02
2.435180246829986572e-01
1.234609037637710571e-01
-1.638773381710052490e-01
-7.028879225254058838e-02
8.907835185527801514e-02
-1.613220870494842529e-01
-9.534047916531562805e-03
1.807436719536781311e-02
-1.597465574741363525e-01
-2.270684689283370972e-01
-2.517333030700683594e-01
1.423414982855319977e-02
3.427391648292541504e-01
1.971856206655502319e-01
-1.231330409646034241e-01
3.545122593641281128e-02
-6.539370864629745483e-02
5.041262507438659668e-02
3.683468699455261230e-02
1.865680515766143799e-01
2.875267714262008667e-02
-4.979134351015090942e-02
-9.419424086809158325e-02
3.826985508203506470e-02
1.533375084400177002e-01
-8.982657641172409058e-02
2.496851421892642975e-02
4.175842106342315674e-01
9.519260376691818237e-03
-8.405325561761856079e-02
-3.164509683847427368e-02
3.447274863719940186e-02
-2.473592907190322876e-01
1.149161159992218018e-02
-3.967333957552909851e-02
-3.395555913448333740e-02
-2.616003155708312988e-03
2.178421430289745331e-02
4.320779070258140564e-02
4.866059124469757080e-02
-2.561815381050109863e-01
2.123067229986190796e-01
-9.862467646598815918e-02
1.216258108615875244e-02
-4.029395803809165955e-02
-8.676989376544952393e-02
-8.205123990774154663e-02
-5.715344101190567017e-02
1.113475710153579712e-01
-2.291345447301864624e-01
1.246235445141792297e-01
1.538806110620498657e-01
9.944127872586250305e-03
2.195544242858886719e-01
6.475918740034103394e-02
3.801801055669784546e-02
-1.295924000442028046e-02
-5.459413677453994751e-02
-1.328895241022109985e-01
-2.506529539823532104e-02
6.372954696416854858e-02
-3.645544499158859253e-02
7.861363142728805542e-02
8.930549025535583496e-03
