-1.695556044578552246e-01
1.134094819426536560e-01
2.328724786639213562e-02
-3.151220083236694336e-02
-1.515678167343139648e-01
5.969797819852828979e-02
-2.575888484716415405e-02
-3.864228725433349609e-02
2.455488890409469604e-01
-9.078844636678695679e-02
1.601015627384185791e-01
-1.551169902086257935e-03
-2.288060784339904785e-01
-3.378185257315635681e-02
2.394413203001022339e-02
1.728414297103881836e-01
-1.403730213642120361e-01
-1.243289783596992493e-01
-4.000189155340194702e-02
-1.157973110675811768e-01
1.760029420256614685e-02
6.940895318984985352e-02
-6.260132789611816406e-02
-9.256787598133087158e-03
-1.812497377395629883e-01
-3.606317043304443359e-01
-4.273821040987968445e-02
-1.130529195070266724e-01
5.951254069805145264e-02
-7.506456226110458374e-02
-4.083200171589851379e-02
9.975820779800415039e-02
-1.477590650320053101e-01
-7.576820254325866699e-02
5.547698587179183960e-02
7.796578109264373779e-02
-6.598766893148422241e-02
2.493735402822494507e-03
1.590746045112609863e-01
2.540457248687744141e-02
-1.615444868803024292e-01
-1.357360184192657471e-02
9.580712020397186279e-02
2.987466156482696533e-01
1.460097730159759521e-01
8.685347437858581543e-02
1.606725528836250305e-02
-4.233396053314208984e-02
1.371538788080215454e-01
-3.079257309436798096e-01
4.019288718700408936e-02
1.474560350179672241e-01
1.250808686017990112e-02
7.383307814598083496e-02
1.395688205957412720e-01
-1.085709780454635620e-01
-6.435774266719818115e-03
8.619147539138793945e-02
-1.987986713647842407e-01
9.553541988134384155e-02
1.045560687780380249e-01
-6.559319794178009033e-02
-7.929020375013351440e-02
-6.960622966289520264e-02
2.560091018676757812e-01
9.952281415462493896e-02
-6.170460581779479980e-02
-1.275248527526855469e-01
1.623588502407073975e-01
-1.279115229845046997e-01
-1.103210374712944031e-01
3.417927026748657227e-02
-9.258269518613815308e-02
-1.700936406850814819e-01
-2.885263562202453613e-01
6.792498379945755005e-02
3.992289602756500244e-01
2.154018878936767578e-01
-1.047829762101173401e-01
6.778565794229507446e-02
-3.096859343349933624e-02
-5.079653114080429077e-02
9.447108954191207886e-02
2.317592315375804901e-02
-5.144564062356948853e-02
-6.149631738662719727e-02
-5.000361800193786621e-02
3.764258697628974915e-02
2.577411234378814697e-01
-1.666108146309852600e-04
2.005402743816375732e-02
2.046992331743240356e-01
3.712772578001022339e-02
1.395777054131031036e-02
-4.489048570394515991e-02
2.892575412988662720e-02
-1.428403109312057495e-01
-7.995450496673583984e-02
-1.661655604839324951e-01
-1.400527954101562500e-01
1.092705354094505310e-01
-5.358895286917686462e-03
5.585580691695213318e-02
1.745794415473937988e-01
-2.333616018295288086e-01
1.862604618072509766e-01
-2.103120461106300354e-02
-2.096730843186378479e-02
-9.859043173491954803e-03
3.592580929398536682e-02
-8.196410536766052246e-02
3.380390629172325134e-02
1.304894089698791504e-01
-1.833271533250808716e-01
2.115604430437088013e-01
1.465593874454498291e-01
4.272553697228431702e-02
1.102979779243469238e-01
7.477251440286636353e-02
-3.163032233715057373e-02
1.851940527558326721e-03
-1.890785992145538330e-02
-1.594303995370864868e-01
-1.441856175661087036e-01
6.781345605850219727e-02
-4.054320603609085083e-02
3.056756220757961273e-02
4.967037588357925415e-02
