-3.099719993770122528e-02
1.211299188435077667e-02
2.671178244054317474e-02
-1.167807802557945251e-01
-8.879214525222778320e-02
-2.193491347134113312e-02
-3.218122571706771851e-02
-8.691717684268951416e-02
1.965423226356506348e-01
-1.010453850030899048e-01
1.992040276527404785e-01
-9.739474207162857056e-02
-2.033082991838455200e-01
-7.751365005970001221e-02
3.645114600658416748e-02
2.086593508720397949e-01
-2.454614490270614624e-01
-1.520570218563079834e-01
-1.059253979474306107e-02
-7.251507043838500977e-02
1.142251491546630859e-02
3.793977573513984680e-02
3.886319696903228760e-02
9.835112094879150391e-02
-1.816543191671371460e-01
-3.304938375949859619e-01
-8.373754471540451050e-02
-9.836735576391220093e-02
-1.960062980651855469e-02
-1.057170033454895020e-01
3.516147844493389130e-03
1.422596275806427002e-01
-1.183725744485855103e-01
-5.318656563758850098e-03
9.696337580680847168e-02
1.588698476552963257e-01
-5.553111061453819275e-02
-1.662778854370117188e-01
2.191275060176849365e-01
5.947311222553253174e-02
-2.455520331859588623e-01
-9.593767672777175903e-02
1.869014501571655273e-01
2.652137875556945801e-01
2.008398175239562988e-01
-2.280971035361289978e-02
-7.351226359605789185e-02
-4.069825261831283569e-02
2.369956523180007935e-01
-2.818062007427215576e-01
-4.940137267112731934e-03
1.132938042283058167e-01
1.138533130288124084e-01
8.603394776582717896e-02
8.485063165426254272e-02
-8.708085864782333374e-02
5.922901257872581482e-02
1.288781911134719849e-01
-2.965879142284393311e-01
-4.560208693146705627e-02
5.288515985012054443e-02
-1.412611752748489380e-01
-2.309768274426460266e-02
-1.393316686153411865e-01
2.158928066492080688e-01
1.475180834531784058e-01
-1.611617058515548706e-01
-1.184538379311561584e-01
1.125294715166091919e-01
-1.575491428375244141e-01
-1.327192336320877075e-01
7.827139645814895630e-02
-1.027113348245620728e-01
-1.757364124059677124e-01
-3.269177079200744629e-01
-7.873027771711349487e-02
2.803834676742553711e-01
1.059526726603507996e-01
-1.207755580544471741e-01
1.296739652752876282e-02
4.135291278362274170e-02
-9.197862446308135986e-02
-6.052178330719470978e-03
1.958840787410736084e-01
-1.924993097782135010e-02
4.838556423783302307e-02
-5.258375033736228943e-02
-1.936096698045730591e-03
1.938095241785049438e-01
-6.950730085372924805e-02
3.471698984503746033e-02
2.315425425767898560e-01
-3.782617300748825073e-02
8.010210096836090088e-02
-1.136463508009910583e-02
5.611245706677436829e-02
-1.457699239253997803e-01
2.226258069276809692e-02
-1.954319477081298828e-01
-2.198584936559200287e-02
-3.460187837481498718e-02
-8.432617411017417908e-03
2.259663678705692291e-02
8.054727315902709961e-02
-2.050757706165313721e-01
1.580112874507904053e-01
3.826104849576950073e-02
-9.233742952346801758e-02
-3.492502123117446899e-02
-8.453126251697540283e-02
-7.451362907886505127e-02
-2.560178190469741821e-02
1.209296509623527527e-01
-2.945724427700042725e-01
8.053631335496902466e-02
1.468677073717117310e-01
7.885380089282989502e-02
1.481743007898330688e-01
4.219003021717071533e-02
2.361683547496795654e-02
-3.576516360044479370e-02
-9.595483541488647461e-02
-1.742533296346664429e-01
-3.192330896854400635e-02
5.846827477216720581e-02
-4.334113001823425293e-02
9.928440675139427185e-03
-6.250856444239616394e-03
