-8.052164316177368164e-02
7.111727260053157806e-03
6.713432073593139648e-02
-6.604105979204177856e-02
-2.033937722444534302e-01
3.758954256772994995e-02
4.786759614944458008e-03
-6.962737441062927246e-02
2.071468979120254517e-01
-2.256015874445438385e-02
1.926786899566650391e-01
4.756260663270950317e-03
-2.904065549373626709e-01
2.999834343791007996e-02
-6.456386297941207886e-02
1.991293579339981079e-01
-1.816881895065307617e-01
-1.135169044137001038e-01
-5.010496824979782104e-02
-5.910005047917366028e-02
-3.285025805234909058e-02
-6.878174841403961182e-02
1.232703030109405518e-02
7.024692744016647339e-02
-1.261241286993026733e-01
-3.058960139751434326e-01
2.083962038159370422e-02
-1.049390584230422974e-01
-4.486756771802902222e-02
-4.827725887298583984e-02
3.803195804357528687e-02
1.199884712696075439e-01
-1.942980736494064331e-01
-1.509981229901313782e-02
1.921060681343078613e-02
7.103726267814636230e-02
-8.696550875902175903e-02
-1.354492306709289551e-01
2.194565832614898682e-01
-6.491572409868240356e-02
-2.831008434295654297e-01
-1.535894349217414856e-03
6.265693157911300659e-02
1.767972856760025024e-01
2.411315888166427612e-01
7.640631869435310364e-03
4.156580194830894470e-03
-5.740669742226600647e-02
2.160450220108032227e-01
-4.379150569438934326e-01
7.281604409217834473e-02
8.030067384243011475e-02
6.684406101703643799e-02
6.754569709300994873e-03
4.201065748929977417e-02
-2.114503085613250732e-01
-3.581913188099861145e-03
1.327059119939804077e-01
-2.047890424728393555e-01
2.275343239307403564e-02
3.191655501723289490e-02
-8.159416913986206055e-02
1.493810676038265228e-02
-1.090169847011566162e-01
2.492840439081192017e-01
1.453365087509155273e-01
-1.657027453184127808e-01
-6.454654783010482788e-02
1.680000573396682739e-01
-1.419841796159744263e-01
2.497579157352447510e-02
1.500985026359558105e-01
-6.819086521863937378e-02
-2.597576379776000977e-01
-2.593461275100708008e-01
7.542891800403594971e-02
4.843780696392059326e-01
1.650126129388809204e-01
-1.494316905736923218e-01
-4.670810699462890625e-02
-1.234242692589759827e-01
5.711741745471954346e-03
1.060913689434528351e-02
7.919572293758392334e-02
1.542700827121734619e-02
-9.015029668807983398e-02
-1.126163005828857422e-01
-5.041094869375228882e-02
2.712967097759246826e-01
-6.773497909307479858e-02
-2.789041772484779358e-02
3.515927493572235107e-01
3.457265719771385193e-02
2.851312980055809021e-03
-5.814620852470397949e-02
1.181280314922332764e-01
-8.538706600666046143e-02
2.056184783577919006e-02
-1.354518830776214600e-01
-3.111588582396507263e-02
4.183435440063476562e-02
-1.456556934863328934e-02
4.300585389137268066e-02
8.266171813011169434e-02
-2.294642627239227295e-01
1.245633289217948914e-01
-6.162573769688606262e-02
3.656461834907531738e-02
5.072611570358276367e-02
-6.543369591236114502e-02
-6.434889882802963257e-02
-2.889994531869888306e-02
1.723160296678543091e-01
-3.195869326591491699e-01
1.763419657945632935e-01
1.131099909543991089e-01
5.528917163610458374e-02
1.635910123586654663e-01
3.590167313814163208e-02
4.969240166246891022e-03
3.936972469091415405e-02
-1.316217184066772461e-01
-1.491123437881469727e-01
-4.672953858971595764e-02
9.195146709680557251e-02
-6.055768579244613647e-02
1.961072906851768494e-02
7.968282699584960938e-02
