-1.137305945158004761e-01
9.267488121986389160e-02
-2.055564895272254944e-02
-3.031402081251144409e-02
-1.446774303913116455e-01
6.147730350494384766e-02
-6.513599306344985962e-03
-1.052238345146179199e-01
1.729580163955688477e-01
-1.317497342824935913e-01
1.460085362195968628e-01
-4.301427677273750305e-02
-2.292952835559844971e-01
1.562150008976459503e-02
-7.322758436203002930e-02
1.869329363107681274e-01
-1.374949514865875244e-01
-1.090984493494033813e-01
-1.278891265392303467e-01
-6.408663839101791382e-02
-2.587700262665748596e-02
4.134600609540939331e-02
6.470045447349548340e-02
1.148333102464675903e-01
-1.545974463224411011e-01
-3.318898677825927734e-01
2.246614359319210052e-02
-1.085971891880035400e-01
3.071617335081100464e-02
-5.009723454713821411e-02
-9.552746266126632690e-02
4.881311208009719849e-02
-1.614274978637695312e-01
2.576791867613792419e-02
2.263109385967254639e-02
1.157967150211334229e-01
-1.293728351593017578e-01
-6.879177689552307129e-02
2.458902001380920410e-01
7.546225562691688538e-03
-2.234991639852523804e-01
-1.015292666852474213e-02
3.904625773429870605e-04
2.711702883243560791e-01
2.464663088321685791e-01
-5.131236091256141663e-02
5.184024572372436523e-02
-1.209206059575080872e-01
1.497839838266372681e-01
-3.702959716320037842e-01
2.585706859827041626e-02
1.088507771492004395e-01
-1.273922622203826904e-03
6.751405447721481323e-02
1.311187632381916046e-02
-1.382832527160644531e-01
6.454378366470336914e-03
1.030452102422714233e-01
-1.763131171464920044e-01
-5.588049069046974182e-02
3.520618751645088196e-02
-2.855870313942432404e-02
-7.943154871463775635e-02
-2.662450075149536133e-02
2.430930137634277344e-01
1.843530088663101196e-01
-1.030236780643463135e-01
-1.391821205615997314e-01
1.656855791807174683e-01
-2.532692849636077881e-01
1.082933880388736725e-02
1.093096360564231873e-01
-5.287610366940498352e-02
-2.091931104660034180e-01
-2.377455681562423706e-01
-7.334817200899124146e-04
4.562475383281707764e-01
2.235873937606811523e-01
-1.267333924770355225e-01
5.548827350139617920e-03
-9.914278239011764526e-02
1.291828788816928864e-02
1.452442556619644165e-01
6.447785347700119019e-02
-6.491574645042419434e-02
-1.150662451982498169e-02
-7.185443490743637085e-02
8.272313326597213745e-02
2.264973521232604980e-01
-7.472261041402816772e-02
-5.067767947912216187e-02
2.147426456212997437e-01
1.356919109821319580e-01
-4.343952983617782593e-03
6.636777520179748535e-02
7.382740080356597900e-02
-8.460396528244018555e-02
-2.472810447216033936e-02
-1.655336022377014160e-01
-3.049656748771667480e-03
2.249412238597869873e-02
2.002951875329017639e-02
5.754541978240013123e-02
8.751391619443893433e-02
-2.008572518825531006e-01
2.477403134107589722e-01
-3.045141138136386871e-02
-5.844148993492126465e-02
4.538089781999588013e-02
-4.716274887323379517e-02
-6.668840348720550537e-02
-2.013300359249114990e-02
1.430534124374389648e-01
-2.576505541801452637e-01
1.050433963537216187e-01
1.271397769451141357e-01
3.108952380716800690e-02
1.912769824266433716e-01
3.660140559077262878e-02
2.309656143188476562e-02
-7.819197140634059906e-03
-1.634401455521583557e-02
-1.698052138090133667e-01
-4.891641065478324890e-02
8.925072848796844482e-02
-2.492265403270721436e-02
5.122716724872589111e-02
-5.141922272741794586e-03
