-1.058782786130905151e-01
8.554298430681228638e-02
1.289864778518676758e-01
-4.168574884533882141e-02
-1.878174394369125366e-01
-1.464146841317415237e-02
-3.072035312652587891e-02
-5.512734502553939819e-02
1.504234522581100464e-01
-1.360723376274108887e-01
1.813875734806060791e-01
-5.779803171753883362e-02
-2.177610546350479126e-01
4.916334897279739380e-02
-5.966047570109367371e-02
2.405770719051361084e-01
-9.892631322145462036e-02
-1.926916688680648804e-01
-1.199153587222099304e-01
-4.987053200602531433e-02
-9.679555892944335938e-03
6.155885756015777588e-03
1.708095893263816833e-02
3.649732097983360291e-02
-7.916194200515747070e-02
-3.712728023529052734e-01
-7.557898759841918945e-03
-9.046244621276855469e-02
3.251867368817329407e-02
-5.947764217853546143e-02
4.629793018102645874e-02
5.813022702932357788e-02
-1.118575111031532288e-01
-5.738914385437965393e-02
4.078122973442077637e-02
1.094483807682991028e-01
-1.466881185770034790e-01
-1.957380175590515137e-01
2.694721817970275879e-01
1.332132890820503235e-02
-3.064986467361450195e-01
-1.044920645654201508e-02
8.766561746597290039e-02
3.083626627922058105e-01
1.751356720924377441e-01
-4.416541010141372681e-02
1.226884275674819946e-01
-1.318106204271316528e-01
1.122433170676231384e-01
-3.140195012092590332e-01
-1.720517501235008240e-02
1.088775470852851868e-01
4.059568047523498535e-02
8.969293534755706787e-02
1.165110170841217041e-01
-1.175321638584136963e-01
1.115731447935104370e-01
1.084099262952804565e-01
-2.872669696807861328e-01
2.834692224860191345e-02
1.182139217853546143e-01
-7.631219923496246338e-02
-6.065088324248790741e-03
-1.193056702613830566e-01
2.996068000793457031e-01
1.187056601047515869e-01
-1.124061048030853271e-01
-1.870007961988449097e-01
2.297371625900268555e-01
-1.489220261573791504e-01
-1.021591499447822571e-01
1.376111954450607300e-01
-9.107090532779693604e-02
-1.844711005687713623e-01
-2.881529927253723145e-01
-2.660651132464408875e-02
4.381801486015319824e-01
2.032003551721572876e-01
-9.168507158756256104e-02
6.090944260358810425e-02
-7.981003820896148682e-02
-4.937280714511871338e-02
3.474560379981994629e-02
1.855915635824203491e-01
4.864978790283203125e-02
-2.701282128691673279e-02
-5.197433009743690491e-02
-1.427761465311050415e-02
2.156487256288528442e-01
-5.329756066203117371e-02
-7.960350811481475830e-02
1.573416888713836670e-01
8.280206471681594849e-02
-7.866864651441574097e-02
-4.588855430483818054e-03
8.216646313667297363e-02
-1.769168972969055176e-01
3.004360571503639221e-02
-1.964900493621826172e-01
-7.833903282880783081e-02
-2.217117324471473694e-02
3.021373599767684937e-02
5.633814632892608643e-02
6.879276037216186523e-02
-1.628052592277526855e-01
1.950731724500656128e-01
-5.634365975856781006e-02
-3.691304475069046021e-02
-3.152591362595558167e-02
-2.976047247648239136e-02
-7.199492305517196655e-02
2.598548680543899536e-02
1.445805430412292480e-01
-2.781929373741149902e-01
1.635796874761581421e-01
1.695075780153274536e-01
1.060312688350677490e-01
1.166067421436309814e-01
1.387070417404174805e-01
-5.418052896857261658e-03
4.263278469443321228e-02
-5.502158403396606445e-02
-2.040901184082031250e-01
-9.269510209560394287e-02
-8.041644468903541565e-03
-1.113328523933887482e-02
6.760432571172714233e-02
9.281458705663681030e-02
