-1.679050326347351074e-01
1.555306762456893921e-01
-3.429679572582244873e-02
-1.895123720169067383e-02
-1.458362638950347900e-01
7.535069435834884644e-02
-5.426921322941780090e-02
-7.712440192699432373e-02
1.667589247226715088e-01
-6.036524847149848938e-02
2.088192254304885864e-01
-1.198998838663101196e-02
-2.356945723295211792e-01
-1.583460718393325806e-02
4.617438465356826782e-02
1.521906703710556030e-01
-9.360297024250030518e-02
-1.166933998465538025e-01
-1.001952961087226868e-01
-1.158224791288375854e-01
-1.053006947040557861e-02
-7.795356214046478271e-03
6.219360232353210449e-02
1.068007871508598328e-01
-2.646716833114624023e-01
-2.732182145118713379e-01
-6.300054490566253662e-02
-1.115174368023872375e-01
-5.270975828170776367e-02
-1.854874044656753540e-01
-7.493132352828979492e-02
6.860620528459548950e-02
-1.181745231151580811e-01
-1.559473574161529541e-02
-2.013131976127624512e-03
4.776956140995025635e-02
-1.013930290937423706e-01
-6.761639565229415894e-02
2.404456138610839844e-01
4.055341705679893494e-02
-1.206438913941383362e-01
-4.418414086103439331e-03
2.604888379573822021e-02
2.755481302738189697e-01
2.126114219427108765e-01
-2.945704013109207153e-02
8.520453423261642456e-02
-8.767324686050415039e-02
1.655765026807785034e-01
-2.480855286121368408e-01
8.991324901580810547e-02
1.326135843992233276e-01
4.114156961441040039e-02
7.607278227806091309e-02
8.223296701908111572e-02
-1.373669058084487915e-01
-7.025603950023651123e-02
2.254000604152679443e-01
-1.527401208877563477e-01
6.725138425827026367e-02
2.075390890240669250e-03
6.058489903807640076e-03
-8.323453366756439209e-02
-1.278240084648132324e-01
2.618930935859680176e-01
2.619799077510833740e-01
-1.201381310820579529e-01
-1.775955706834793091e-01
1.778856962919235229e-01
-6.415911018848419189e-02
-1.304178237915039062e-01
1.052626445889472961e-01
-1.800947785377502441e-01
-2.325047701597213745e-01
-3.260881006717681885e-01
8.509564399719238281e-02
3.240044713020324707e-01
1.547501534223556519e-01
-1.473021060228347778e-01
-4.222470521926879883e-02
-4.175557568669319153e-02
-3.288458287715911865e-02
-1.297627389430999756e-02
6.352114677429199219e-02
-1.317396908998489380e-01
-8.438369631767272949e-02
-2.382937259972095490e-02
6.977212429046630859e-02
2.408582717180252075e-01
3.466238081455230713e-02
-1.119039952754974365e-01
1.830435246229171753e-01
4.974929243326187134e-02
2.347649633884429932e-02
1.237224042415618896e-02
9.314699470996856689e-02
-1.231086105108261108e-01
-5.508372560143470764e-02
-1.500881612300872803e-01
-4.400236159563064575e-02
6.117755547165870667e-03
-4.136256873607635498e-02
1.663837581872940063e-03
1.797525137662887573e-01
-1.623854637145996094e-01
1.790240556001663208e-01
-2.480548620223999023e-02
-9.857535362243652344e-03
-1.086220890283584595e-01
3.172489255666732788e-02
-1.297412067651748657e-01
5.101374536752700806e-02
1.269887685775756836e-01
-2.875952422618865967e-01
1.605324745178222656e-01
1.262228935956954956e-01
7.434640824794769287e-02
9.423945099115371704e-02
6.946265697479248047e-02
1.457727700471878052e-02
6.372809410095214844e-03
5.203962326049804688e-02
-1.694723665714263916e-01
-2.841039374470710754e-02
1.374597251415252686e-01
-4.399551078677177429e-03
3.445487469434738159e-02
7.233107089996337891e-02
